1000 1
-1.895265 
-2.364058 
-1.319266 
-1.254517 
-0.379486 
-0.367772 
-0.554256 
-0.335843 
-2.625050 
-0.885926 
-1.723548 
-0.287832 
-0.237966 
-0.377233 
-0.264081 
-0.392552 
-0.643702 
-0.547444 
-0.186388 
-0.358950 
-0.989216 
-0.427206 
-0.277094 
-1.809327 
-0.416276 
-0.201358 
-1.123844 
-1.075040 
-2.096934 
-0.621620 
-0.276204 
-3.242893 
-0.311237 
-0.989068 
-0.593161 
-0.514281 
-0.851713 
-0.834447 
-0.205579 
-1.531369 
-1.261834 
-0.887425 
-1.639930 
-0.163416 
-0.225437 
-0.241266 
-0.842327 
-0.778663 
-2.218883 
-0.715588 
-0.411737 
-1.576257 
-1.158533 
-3.227436 
-0.323924 
-2.455977 
-0.520672 
-1.188726 
-0.307897 
-0.737223 
-1.670566 
-0.242189 
-1.038444 
-1.913891 
-0.263711 
-0.874669 
-0.659861 
-0.318044 
-3.082985 
-1.889903 
-0.232751 
-0.241114 
-0.205305 
-0.380029 
-0.198720 
-0.180573 
-0.332633 
-1.760961 
-0.866243 
-2.182011 
-0.692527 
-0.549973 
-0.398840 
-0.555409 
-0.431861 
-1.705521 
-1.752738 
-0.127346 
-0.251725 
-0.313283 
-1.179195 
-0.240712 
-0.270425 
-1.953711 
-0.566077 
-0.438244 
-0.247851 
-0.211212 
-0.434388 
-1.662779 
-2.401975 
-0.596792 
-0.202403 
-0.516474 
-0.242051 
-1.099504 
-1.374602 
-0.604736 
-1.885740 
-0.395496 
-0.720575 
-0.247395 
-0.305236 
-0.337823 
-0.496543 
-0.488197 
-0.834397 
-0.487086 
-1.666291 
-0.852557 
-0.679687 
-1.495794 
-0.215177 
-0.158774 
-0.194590 
-0.261683 
-0.438862 
-0.463988 
-0.313699 
-1.175841 
-1.633089 
-0.415519 
-2.003823 
-0.346621 
-1.130872 
-0.457667 
-1.174223 
-0.718113 
-1.062959 
-0.381496 
-0.402915 
-0.796233 
-0.495950 
-0.179132 
-1.528373 
-0.206925 
-0.218914 
-0.710227 
-0.538407 
-0.334717 
-0.634039 
-2.446656 
-0.241578 
-1.528379 
-0.224621 
-0.835237 
-1.607431 
-0.904111 
-0.488862 
-1.835113 
-0.821901 
-0.515481 
-2.375843 
-2.332166 
-3.121023 
-3.486604 
-0.416291 
-1.299397 
-0.644564 
-3.230099 
-2.593939 
-0.446271 
-0.443265 
-0.334640 
-0.809506 
-1.089879 
-0.495890 
-0.979743 
-0.204429 
-0.119953 
-1.220447 
-0.157146 
-1.192882 
-1.181556 
-0.448890 
-0.241611 
-1.405509 
-1.611866 
-1.132642 
-1.742512 
-2.281878 
-1.123316 
-1.262585 
-0.547099 
-0.897696 
-1.163428 
-0.500681 
-0.946293 
-0.540177 
-0.545474 
-1.798434 
-2.883980 
-0.368546 
-1.284519 
-1.052024 
-1.790729 
-0.884077 
-2.150978 
-3.653914 
-0.960876 
-0.413185 
-1.165330 
-0.643532 
-0.363705 
-2.384002 
-2.951880 
-2.336831 
-1.624131 
-3.010099 
-0.136642 
-0.389936 
-0.426575 
-0.254058 
-0.789358 
-0.380556 
-1.818797 
-1.110093 
-0.264834 
-1.833217 
-1.107758 
-0.341406 
-0.940132 
-1.299876 
-2.268804 
-0.825174 
-1.959137 
-0.448708 
-1.833154 
-2.707811 
-1.662467 
-0.512547 
-0.367200 
-2.883887 
-0.232557 
-1.358104 
-1.164826 
-2.413521 
-1.463095 
-0.261951 
-0.766278 
-3.146364 
-0.429394 
-1.788947 
-0.385017 
-0.683979 
-0.460064 
-0.988527 
-0.402800 
-0.282595 
-0.608428 
-1.624492 
-2.643753 
-0.604294 
-1.047876 
-3.161856 
-0.989289 
-0.537162 
-2.509708 
-2.546423 
-1.301742 
-0.762974 
-2.230095 
-1.150616 
-0.872590 
-0.433895 
-0.658806 
-0.143127 
-0.356051 
-0.781435 
-0.159352 
-3.076077 
-2.082619 
-2.727082 
-3.547184 
-1.766705 
-0.580782 
-0.981552 
-1.030862 
-0.842271 
-2.190488 
-0.719721 
-1.529914 
-0.469536 
-1.623314 
-1.550465 
-2.134463 
-1.390197 
-0.299312 
-1.001108 
-0.838547 
-1.735233 
-0.590747 
-0.337024 
-0.840092 
-1.105401 
-1.326176 
-1.135379 
-1.314920 
-0.671453 
-0.553192 
-1.707646 
-0.837518 
-3.353625 
-1.544207 
-0.222756 
-2.501777 
-1.321675 
-1.263935 
-0.650674 
-1.191580 
-0.327063 
-1.965817 
-0.225026 
-1.448310 
-0.803698 
-0.702395 
-3.070521 
-3.639036 
-2.426454 
-1.173498 
-1.948572 
-0.451510 
-2.002259 
-1.031517 
-0.569229 
-0.784708 
-0.508396 
-0.404456 
-0.460987 
-2.312554 
-0.671152 
-1.711063 
-0.444345 
-0.724050 
-3.591520 
-0.412983 
-1.124588 
-0.246813 
-0.232849 
-2.892350 
-1.346085 
-0.303759 
-0.980101 
-0.411357 
-1.583650 
-0.243884 
-1.082195 
-1.160670 
-0.310298 
-0.352236 
-0.444171 
-0.350093 
-0.273877 
-1.427801 
-2.102763 
-0.391164 
-0.500090 
-1.710387 
-0.604754 
-0.939882 
-0.784653 
-0.793960 
-0.456656 
-1.106082 
-3.071662 
-1.018882 
-3.608451 
-0.717584 
-2.402325 
-0.444432 
-0.183865 
-0.581758 
-0.122417 
-1.386319 
-2.316880 
-2.245888 
-2.259351 
-0.595214 
-1.480773 
-1.240725 
-0.908511 
-0.714871 
-0.178313 
-3.409689 
-1.718506 
-0.412119 
-1.857808 
-0.777923 
-1.033131 
-0.901878 
-3.378027 
-1.444493 
-2.213353 
-2.171051 
-1.043410 
-0.300525 
-2.361915 
-0.240330 
-0.280840 
-0.210036 
-1.414648 
-2.480962 
-0.757082 
-1.222462 
-2.351562 
-1.695658 
-1.382210 
-1.972846 
-0.755866 
-0.793217 
-1.912496 
-0.534438 
-0.454705 
-0.740921 
-0.280197 
-0.290417 
-0.932105 
-0.943669 
-1.544773 
-0.261143 
-1.515368 
-2.749199 
-1.028115 
-1.889936 
-0.369019 
-1.787975 
-0.654042 
-2.347983 
-1.868524 
-0.288950 
-0.115585 
-0.412449 
-0.263549 
-0.263828 
-0.143062 
-0.550514 
-0.619035 
-0.234063 
-0.335401 
-1.012524 
-0.264021 
-2.343607 
-2.468087 
-0.601614 
-1.187178 
-3.312639 
-1.487998 
-1.141176 
-1.641385 
-1.627498 
-0.978348 
-3.273435 
-0.372540 
-1.408535 
-1.001314 
-2.105822 
-0.897701 
-1.508922 
-0.432280 
-2.389889 
-0.381076 
-0.377292 
-2.065945 
-1.468354 
-0.981045 
-3.708153 
-0.351846 
-3.761675 
-2.194115 
-2.747229 
-3.256351 
-2.487073 
-2.343205 
-0.844763 
-0.571416 
-0.845071 
-0.335969 
-1.043097 
-1.223406 
-0.759089 
-1.043167 
-0.475130 
-0.273023 
-0.823100 
-1.483122 
-2.123367 
-2.473699 
-0.223029 
-0.269294 
-2.261784 
1.068562 
2.525501 
1.452434 
2.301599 
0.728885 
3.434954 
3.313453 
1.949305 
0.872814 
1.798657 
0.596336 
1.594999 
0.982968 
0.673429 
1.057618 
0.584726 
1.055734 
0.747424 
0.519627 
0.306677 
0.632731 
1.527648 
2.243234 
0.284338 
0.321828 
1.194202 
3.018775 
0.950847 
1.345208 
2.191921 
0.292708 
1.628142 
1.069851 
0.216023 
0.216271 
2.077299 
0.307775 
1.136553 
0.668966 
0.963409 
0.269218 
0.699938 
0.325579 
0.198495 
0.826140 
0.551737 
0.435735 
0.938602 
0.805461 
0.897526 
0.684403 
0.445881 
1.101958 
1.953307 
0.249956 
2.299477 
0.234604 
0.238600 
0.271068 
1.244215 
3.050621 
0.235844 
1.799639 
0.964050 
0.429816 
0.441505 
0.215029 
0.266449 
0.676063 
0.942609 
0.952542 
0.712224 
2.924289 
0.306346 
1.324740 
1.225293 
2.138022 
2.380561 
0.824371 
0.907620 
0.219534 
0.213591 
1.522803 
1.857056 
0.269863 
1.733601 
1.145297 
0.281636 
1.285499 
0.341605 
0.642218 
2.313956 
2.006336 
1.766541 
0.328291 
0.569396 
0.875196 
0.318605 
0.355973 
3.617775 
1.408488 
3.368115 
0.714917 
0.486061 
2.901120 
1.660918 
0.455147 
1.687448 
0.348123 
1.084731 
2.503546 
0.832434 
0.807551 
1.436128 
0.577534 
2.241864 
1.773103 
2.218964 
1.142036 
0.705965 
0.357181 
0.483461 
1.148511 
0.248719 
1.941339 
1.939660 
0.274243 
1.283787 
1.084667 
1.543506 
0.275990 
0.299275 
1.119150 
0.257029 
0.230266 
0.363767 
0.421306 
0.753531 
0.900631 
1.101996 
1.080233 
0.604544 
1.658173 
1.874422 
0.825435 
1.572385 
0.749705 
0.849099 
2.400102 
0.652577 
0.585154 
0.871506 
1.762408 
0.592481 
0.212924 
0.400281 
0.277860 
2.532561 
1.992302 
0.238391 
2.092242 
1.349512 
0.980756 
0.669173 
0.318233 
0.393976 
1.801460 
0.740835 
0.359247 
1.049657 
2.569206 
2.567975 
2.585227 
1.366265 
1.628284 
3.696816 
0.243181 
2.460144 
1.467503 
1.110614 
2.369922 
0.306712 
0.899347 
2.367355 
1.965013 
1.477395 
1.129513 
0.216670 
2.801635 
3.328198 
0.212621 
0.176108 
2.356932 
1.272089 
0.626424 
0.791123 
0.871181 
0.284509 
0.700911 
0.843846 
0.240251 
1.511965 
0.890044 
0.484813 
0.566307 
2.601615 
0.283188 
3.712567 
0.376577 
2.055270 
2.038977 
2.394581 
1.121392 
3.646880 
0.432990 
2.988243 
1.308733 
0.275109 
3.008602 
1.459757 
0.700995 
1.715670 
2.648248 
1.184735 
0.639296 
0.879959 
1.034605 
1.161409 
1.366255 
0.476781 
0.330464 
0.210072 
1.809251 
0.886428 
0.749712 
0.173644 
0.241023 
0.692192 
0.771930 
0.264277 
1.642396 
0.331972 
0.439610 
0.918705 
1.876091 
0.795961 
1.005338 
0.812449 
1.576967 
2.541410 
0.372933 
0.395559 
0.842789 
0.792844 
3.667157 
1.802541 
1.631955 
2.628534 
1.287401 
0.714207 
0.918242 
0.267363 
1.186285 
1.721528 
0.632493 
1.905160 
0.929310 
0.821562 
0.192075 
0.369966 
0.584614 
0.486599 
0.778351 
0.212864 
0.607058 
0.516384 
1.354685 
0.532521 
1.938478 
0.729368 
0.211115 
1.818009 
0.554590 
0.575436 
0.317215 
0.342426 
0.376802 
0.173467 
1.778761 
0.393516 
1.531202 
1.740281 
0.769217 
0.846475 
0.674902 
0.822256 
1.794205 
1.456473 
0.369213 
0.204107 
0.697914 
0.937236 
1.611017 
1.167291 
1.342476 
0.926544 
0.494306 
0.948926 
0.231214 
0.853364 
0.206492 
0.180895 
0.599288 
1.699813 
1.055268 
2.371997 
0.511484 
0.292488 
0.284482 
0.850451 
0.457166 
1.183206 
0.967264 
2.205910 
0.325340 
0.698488 
2.455971 
0.233553 
0.420418 
0.213039 
3.625604 
0.184207 
0.272632 
1.263315 
3.397208 
0.562525 
0.847962 
0.434192 
0.466493 
0.229895 
0.217116 
0.300468 
0.327832 
0.203560 
0.697713 
1.832074 
0.872752 
2.052999 
1.560547 
0.781086 
2.222919 
1.523401 
0.808041 
2.080416 
0.976357 
3.166207 
1.699270 
2.963377 
1.162782 
3.085529 
2.119780 
1.195492 
1.322151 
1.236284 
2.516051 
0.266098 
0.300568 
0.467724 
1.052194 
0.377309 
0.259324 
0.933847 
1.014272 
0.796594 
1.030778 
0.367253 
3.602500 
1.538558 
1.572908 
0.711055 
0.309470 
0.496042 
1.021096 
0.883942 
1.701521 
1.123524 
0.447585 
0.210819 
0.307837 
0.634130 
1.019526 
0.492106 
0.301427 
0.899711 
2.808839 
0.762544 
0.460924 
1.483670 
1.798060 
1.100194 
2.869065 
3.229416 
2.467173 
1.432571 
0.364544 
0.824698 
0.403960 
3.274477 
0.290455 
1.460386 
0.229968 
0.747061 
1.114126 
1.059036 
0.235201 
1.934755 
1.760449 
0.887891 
0.366473 
0.209918 
0.420108 
3.226165 
0.432254 
1.660258 
0.974705 
1.351880 
1.577204 
2.762830 
1.432124 
1.095107 
2.398870 
3.323238 
1.189906 
3.752395 
0.226308 
0.868166 
1.142137 
1.971017 
1.024063 
0.684359 
1.457276 
3.773674 
0.465339 
0.235504 
0.654041 
2.357901 
1.538281 
2.231938 
0.838452 
1.793104 
0.324039 
0.715564 
0.485680 
0.764450 
0.320959 
0.379863 
1.106206 
0.925115 
0.369436 
0.778268 
0.489760 
1.452762 
0.951339 
1.170288 
0.551747 
2.394157 
0.790700 
0.423791 
1.478481 
1.168625 
1.458382 
1.015907 
0.808769 
0.329575 
1.163370 
0.455528 
0.544302 
0.632528 
1.846805 
0.459191 
0.711666 
0.490777 
0.276100 
0.279541 
0.315301 
1.692877 
0.810578 
1.927847 
0.638636 
1.091827 
0.509988 
0.319320 
1.209500 
1.005811 
0.617308 
0.394732 
0.268432 
0.809173 
0.287477 
0.336586 
