1000 1
-1.936886 
-2.358067 
-1.281615 
-1.223154 
-0.343175 
-0.337314 
-0.584775 
-0.312519 
-2.505558 
-0.882357 
-1.711128 
-0.293826 
-0.216653 
-0.307790 
-0.261872 
-0.410443 
-0.683466 
-0.539368 
-0.167738 
-0.281546 
-0.991706 
-0.420910 
-0.263100 
-1.791266 
-0.494032 
-0.188132 
-1.120419 
-1.013506 
-2.167942 
-0.664715 
-0.271750 
-3.259420 
-0.287343 
-1.036674 
-0.656775 
-0.521291 
-0.797151 
-0.860100 
-0.175544 
-1.632813 
-1.244986 
-0.905634 
-1.638521 
-0.165893 
-0.176620 
-0.220378 
-0.902350 
-0.785313 
-2.190461 
-0.683492 
-0.363954 
-1.611218 
-1.129766 
-3.269422 
-0.396255 
-2.516451 
-0.545467 
-1.164346 
-0.298189 
-0.797581 
-1.641245 
-0.241058 
-1.034092 
-1.858088 
-0.269862 
-0.883197 
-0.692795 
-0.443706 
-3.051504 
-1.886320 
-0.186088 
-0.204462 
-0.257996 
-0.354163 
-0.195927 
-0.180096 
-0.291301 
-1.627456 
-0.895254 
-2.111606 
-0.718974 
-0.543594 
-0.333641 
-0.451870 
-0.410436 
-1.632915 
-1.747392 
-0.155380 
-0.178296 
-0.321577 
-1.214397 
-0.196911 
-0.247919 
-1.894066 
-0.524980 
-0.393765 
-0.205866 
-0.168754 
-0.465739 
-1.613884 
-2.354297 
-0.655292 
-0.152878 
-0.521416 
-0.191410 
-1.071323 
-1.375135 
-0.593189 
-1.865269 
-0.353199 
-0.672701 
-0.202227 
-0.233172 
-0.302168 
-0.506523 
-0.448408 
-0.834622 
-0.437792 
-1.683637 
-0.851854 
-0.674783 
-1.454591 
-0.169424 
-0.186751 
-0.176418 
-0.250347 
-0.412955 
-0.447027 
-0.299043 
-1.200630 
-1.582393 
-0.398245 
-1.991105 
-0.347535 
-1.125132 
-0.450987 
-1.274535 
-0.748869 
-0.998929 
-0.383297 
-0.390712 
-0.775835 
-0.493111 
-0.181470 
-1.534836 
-0.163849 
-0.179683 
-0.739059 
-0.515512 
-0.341993 
-0.657309 
-2.507413 
-0.221261 
-1.378551 
-0.184885 
-0.959744 
-1.574782 
-0.940154 
-0.468530 
-1.874025 
-0.774667 
-0.508571 
-2.363637 
-2.439337 
-3.110384 
-3.516893 
-0.371999 
-1.302099 
-0.676135 
-3.238722 
-2.616351 
-0.467577 
-0.455836 
-0.382934 
-0.841646 
-1.036408 
-0.517678 
-1.023301 
-0.171519 
-0.155800 
-1.197690 
-0.168293 
-1.162457 
-1.157004 
-0.489458 
-0.245214 
-1.356162 
-1.551769 
-1.160835 
-1.677837 
-2.232023 
-1.084552 
-1.390854 
-0.546373 
-0.961672 
-1.219272 
-0.459920 
-0.886810 
-0.638204 
-0.584817 
-1.762337 
-2.858624 
-0.260040 
-1.350372 
-1.074000 
-1.731270 
-0.908750 
-2.137567 
-3.624337 
-0.940377 
-0.377111 
-1.167515 
-0.705009 
-0.423651 
-2.517917 
-3.102008 
-2.334739 
-1.453200 
-2.964552 
-0.162014 
-0.252100 
-0.437587 
-0.306390 
-0.764013 
-0.207060 
-1.816179 
-1.093477 
-0.265148 
-1.917899 
-1.151540 
-0.344189 
-0.984813 
-1.250825 
-2.262759 
-0.882883 
-2.009777 
-0.384601 
-1.875472 
-2.946886 
-1.723970 
-0.535244 
-0.364301 
-2.922564 
-0.230552 
-1.371222 
-1.162139 
-2.408196 
-1.526311 
-0.219380 
-0.788244 
-3.121502 
-0.386748 
-1.792159 
-0.300184 
-0.707406 
-0.434255 
-0.984460 
-0.467444 
-0.257553 
-0.711770 
-1.682529 
-2.801426 
-0.590981 
-1.110159 
-3.206295 
-1.051407 
-0.451632 
-2.650718 
-2.568502 
-1.226146 
-0.785609 
-2.235559 
-1.133000 
-0.875562 
-0.468766 
-0.672958 
-0.167830 
-0.270205 
-0.799103 
-0.168958 
-3.052790 
-2.060524 
-2.736178 
-3.553655 
-1.832703 
-0.601623 
-0.979668 
-1.094823 
-0.822310 
-2.305591 
-0.754743 
-1.558700 
-0.486637 
-1.599721 
-1.521794 
-2.097934 
-1.421182 
-0.230108 
-0.958026 
-0.837623 
-1.671576 
-0.617801 
-0.312066 
-0.868051 
-1.112383 
-1.218887 
-1.161246 
-1.303001 
-0.651872 
-0.614084 
-1.684098 
-0.794568 
-3.349426 
-1.630362 
-0.188369 
-2.526107 
-1.350596 
-1.264811 
-0.709289 
-1.181459 
-0.324617 
-1.858710 
-0.223024 
-1.420469 
-0.832907 
-0.728512 
-3.143095 
-3.580879 
-2.490339 
-1.168643 
-1.839065 
-0.434389 
-1.967337 
-1.006995 
-0.660277 
-0.803551 
-0.514716 
-0.379890 
-0.486172 
-2.296235 
-0.685601 
-1.726578 
-0.482220 
-0.742372 
-3.643417 
-0.486231 
-1.107235 
-0.215949 
-0.197492 
-2.852051 
-1.308791 
-0.271518 
-1.029366 
-0.383069 
-1.555141 
-0.200605 
-1.159141 
-1.191711 
-0.278566 
-0.344354 
-0.367553 
-0.366929 
-0.269658 
-1.455767 
-2.044518 
-0.433834 
-0.577692 
-1.669051 
-0.618931 
-0.890342 
-0.681521 
-0.839083 
-0.450409 
-1.097504 
-3.089740 
-1.010099 
-3.765972 
-0.728113 
-2.365485 
-0.484391 
-0.174853 
-0.580697 
-0.230470 
-1.373838 
-2.393484 
-2.228985 
-2.350248 
-0.625260 
-1.515405 
-1.237736 
-0.930402 
-0.749791 
-0.189463 
-3.470377 
-1.684651 
-0.414500 
-1.867733 
-0.821639 
-1.037363 
-0.910771 
-3.373362 
-1.412046 
-2.331599 
-2.179619 
-1.005289 
-0.261752 
-2.374679 
-0.205747 
-0.223153 
-0.196713 
-1.385200 
-2.589877 
-0.828678 
-1.225751 
-2.361214 
-1.698850 
-1.394235 
-1.955628 
-0.746487 
-0.772665 
-1.933598 
-0.525728 
-0.421709 
-0.711371 
-0.212046 
-0.425489 
-1.014131 
-0.947354 
-1.564484 
-0.239795 
-1.479592 
-2.774918 
-1.026466 
-1.767691 
-0.368266 
-1.757216 
-0.698517 
-2.280828 
-1.926837 
-0.367354 
-0.135581 
-0.448295 
-0.253043 
-0.221827 
-0.318505 
-0.574891 
-0.685221 
-0.199251 
-0.316209 
-1.010181 
-0.212716 
-2.363018 
-2.424309 
-0.627460 
-1.211896 
-3.296574 
-1.466505 
-1.117820 
-1.564401 
-1.584115 
-1.042311 
-3.310942 
-0.386719 
-1.425584 
-1.010097 
-1.998910 
-0.917354 
-1.508315 
-0.463337 
-2.288465 
-0.354105 
-0.393557 
-2.098249 
-1.385430 
-0.991472 
-3.734810 
-0.298844 
-3.769832 
-2.250348 
-2.822668 
-3.298074 
-2.651847 
-2.494271 
-0.857774 
-0.600080 
-0.799736 
-0.216576 
-1.104939 
-1.150595 
-0.739814 
-1.037357 
-0.484243 
-0.300263 
-0.817022 
-1.467261 
-2.179428 
-2.569694 
-0.192750 
-0.199437 
-2.378042 
1.062089 
2.432630 
1.471207 
2.357801 
0.700977 
3.399336 
3.324222 
1.958796 
0.894054 
1.785958 
0.561939 
1.658581 
1.059100 
0.646748 
1.061128 
0.538500 
1.076993 
0.773325 
0.547820 
0.252864 
0.635728 
1.507206 
2.303737 
0.238469 
0.247791 
1.176285 
3.047057 
0.957529 
1.395101 
2.304429 
0.281178 
1.653056 
1.035393 
0.195106 
0.178928 
2.068592 
0.254799 
1.089289 
0.678374 
0.880070 
0.213097 
0.714133 
0.304210 
0.180296 
0.832244 
0.516540 
0.302946 
0.930671 
0.861322 
0.931619 
0.731730 
0.575812 
1.127035 
1.928898 
0.254534 
2.472474 
0.207296 
0.224730 
0.244860 
1.236961 
3.084159 
0.208801 
1.983121 
0.894722 
0.338450 
0.412021 
0.189850 
0.217634 
0.676638 
0.928061 
0.892888 
0.683308 
2.840065 
0.286729 
1.273223 
1.241581 
2.262738 
2.397397 
0.813759 
0.929200 
0.230347 
0.177642 
1.552681 
1.918568 
0.250626 
1.673765 
1.128339 
0.239647 
1.320461 
0.335161 
0.659854 
2.323168 
2.099910 
1.777896 
0.288699 
0.619137 
0.925409 
0.297089 
0.287916 
3.603100 
1.360811 
3.315675 
0.728599 
0.432923 
2.888705 
1.642458 
0.366212 
1.510085 
0.293464 
1.084114 
2.571351 
0.850048 
0.871858 
1.533828 
0.528209 
2.314642 
1.774906 
2.285126 
1.195686 
0.674944 
0.295060 
0.435035 
1.120864 
0.179917 
2.080028 
1.959200 
0.259121 
1.257725 
1.103856 
1.510077 
0.240544 
0.292129 
1.186097 
0.223406 
0.185630 
0.308843 
0.399263 
0.763465 
0.915659 
1.138870 
1.109168 
0.636638 
1.739823 
1.927233 
0.857685 
1.503926 
0.833660 
0.873604 
2.319899 
0.654178 
0.583271 
0.808178 
1.851656 
0.611306 
0.189494 
0.360211 
0.222674 
2.598140 
2.071465 
0.192970 
2.096763 
1.345179 
0.999939 
0.643474 
0.289232 
0.374012 
1.790071 
0.729525 
0.330340 
1.035536 
2.604422 
2.617837 
2.751428 
1.535122 
1.482592 
3.662383 
0.193677 
2.614765 
1.429149 
1.174328 
2.430832 
0.222130 
0.956348 
2.520091 
2.001351 
1.474343 
1.130332 
0.178919 
2.861270 
3.283423 
0.193243 
0.184645 
2.562207 
1.245171 
0.716549 
0.848730 
0.826293 
0.221859 
0.725291 
0.880993 
0.194648 
1.549750 
0.831562 
0.458159 
0.557219 
2.619248 
0.237099 
3.714266 
0.336776 
2.073057 
1.948683 
2.565115 
1.219694 
3.639873 
0.413019 
3.087843 
1.443436 
0.252572 
3.022270 
1.409593 
0.695065 
1.734908 
2.663818 
0.994067 
0.671132 
0.947332 
0.988898 
1.187602 
1.354547 
0.459597 
0.371568 
0.180898 
1.908155 
0.935870 
0.671831 
0.162587 
0.189727 
0.650261 
0.793564 
0.221444 
1.679674 
0.267634 
0.437052 
0.939938 
1.894793 
0.803411 
1.055611 
0.812761 
1.622229 
2.568646 
0.360666 
0.393893 
0.875001 
0.832337 
3.626837 
1.788132 
1.690161 
2.786510 
1.283255 
0.725869 
0.918023 
0.269506 
1.324988 
1.738873 
0.642577 
1.912763 
0.898809 
0.802784 
0.160223 
0.345764 
0.557125 
0.458588 
0.809876 
0.207924 
0.586613 
0.504861 
1.283252 
0.568616 
1.918329 
0.698579 
0.177658 
1.798819 
0.496538 
0.581772 
0.292634 
0.313550 
0.307928 
0.164756 
1.785198 
0.365282 
1.473436 
1.805596 
0.801793 
0.843285 
0.670610 
0.804708 
1.815093 
1.473777 
0.342002 
0.197049 
0.697699 
0.897929 
1.686082 
1.149386 
1.375852 
0.989210 
0.480362 
0.998495 
0.201951 
0.825834 
0.192165 
0.180169 
0.615171 
1.676277 
1.096388 
2.360144 
0.485962 
0.232413 
0.217097 
0.856079 
0.439750 
1.234735 
0.918294 
2.224911 
0.290669 
0.711252 
2.436882 
0.209991 
0.442882 
0.187863 
3.692210 
0.182937 
0.223920 
1.260370 
3.395590 
0.614801 
0.832613 
0.417737 
0.432769 
0.232424 
0.201083 
0.279926 
0.292663 
0.167477 
0.708387 
1.884341 
0.847386 
2.119480 
1.447056 
0.723703 
2.298708 
1.555467 
0.845743 
2.160157 
0.979051 
3.206030 
1.752034 
2.979984 
1.273086 
3.127938 
2.168688 
1.232331 
1.348759 
1.226562 
2.534248 
0.224343 
0.241332 
0.435052 
1.043329 
0.367764 
0.201633 
1.017948 
1.041596 
0.795636 
1.026984 
0.397632 
3.551364 
1.572795 
1.578868 
0.784960 
0.325251 
0.491506 
1.032489 
0.913740 
1.591045 
1.155273 
0.437595 
0.179265 
0.250433 
0.648943 
1.129848 
0.493106 
0.327597 
0.919555 
2.818811 
0.750498 
0.463361 
1.346313 
1.873163 
1.079598 
2.887486 
3.195627 
2.539704 
1.323205 
0.301542 
0.834586 
0.379366 
3.245867 
0.262505 
1.484768 
0.175161 
0.765853 
1.120318 
1.079986 
0.196863 
1.983787 
1.755992 
0.910952 
0.344498 
0.169479 
0.360137 
3.210356 
0.453814 
1.709191 
1.040497 
1.374017 
1.570885 
2.803043 
1.509226 
1.172345 
2.546250 
3.276389 
1.195447 
3.759858 
0.213629 
0.844513 
1.180638 
1.994738 
1.001613 
0.700598 
1.510662 
3.783132 
0.438211 
0.236961 
0.637247 
2.401838 
1.526547 
2.227705 
0.830616 
1.819602 
0.270377 
0.756232 
0.437443 
0.782317 
0.302350 
0.264676 
1.113196 
1.007370 
0.350232 
0.786655 
0.446437 
1.443343 
1.030814 
1.188909 
0.510523 
2.458760 
0.810683 
0.415395 
1.403771 
1.162458 
1.363976 
1.013218 
0.792050 
0.306825 
1.152760 
0.413822 
0.547970 
0.691774 
1.845316 
0.449558 
0.760235 
0.497762 
0.259870 
0.222712 
0.222844 
1.715126 
0.789421 
1.912126 
0.655403 
1.056256 
0.463230 
0.296202 
1.256983 
1.024972 
0.617934 
0.362817 
0.272901 
0.762898 
0.237948 
0.287586 
