1000 1
-3.763656 
-3.858964 
-3.819909 
-0.520662 
-0.099729 
-0.099379 
-3.615044 
-0.220122 
-3.378825 
-0.124537 
-3.433698 
-3.310232 
-0.875821 
-0.146851 
-2.791188 
-0.184612 
-3.161342 
-0.115136 
-0.190866 
-0.207910 
-3.443293 
-0.122379 
-1.778085 
-2.828552 
-3.502345 
-0.322131 
-2.471677 
-0.101311 
-3.416310 
-0.590293 
-0.448836 
-0.134271 
-0.960548 
-0.096255 
-3.698374 
-0.110188 
-0.156797 
-3.804384 
-2.831128 
-3.831651 
-0.151100 
-0.116737 
-0.195698 
-0.289929 
-1.460243 
-3.887641 
-0.158607 
-3.870389 
-3.630233 
-2.422050 
-0.099438 
-3.717590 
-1.200072 
-0.094557 
-0.317761 
-3.487474 
-0.105167 
-0.109837 
-3.379715 
-0.629031 
-0.107025 
-2.720707 
-2.856691 
-3.756789 
-3.552565 
-0.277550 
-0.129191 
-3.654842 
-2.775259 
-3.175851 
-0.282766 
-2.967669 
-0.288000 
-0.152530 
-1.952310 
-3.857945 
-0.106031 
-0.107983 
-0.106026 
-2.839287 
-2.789497 
-0.103346 
-0.321108 
-0.125946 
-0.103252 
-0.286064 
-2.735643 
-0.269969 
-0.166846 
-0.103768 
-0.599353 
-0.325553 
-1.805361 
-0.090875 
-0.096924 
-0.197199 
-3.859827 
-0.357385 
-0.091741 
-0.152972 
-1.855698 
-0.098777 
-3.885336 
-0.096842 
-0.574841 
-3.747694 
-3.853697 
-0.134168 
-0.212232 
-0.278998 
-0.291438 
-0.440454 
-3.870332 
-1.901762 
-0.090490 
-0.115917 
-0.089123 
-0.111431 
-0.102203 
-3.673288 
-3.867509 
-0.131902 
-3.842541 
-0.477863 
-0.452593 
-0.442564 
-0.094427 
-0.086476 
-3.720968 
-3.724948 
-0.105516 
-0.174364 
-0.100369 
-0.172733 
-2.936836 
-0.121528 
-2.961017 
-0.230629 
-0.252744 
-2.726323 
-0.116998 
-0.111176 
-0.098034 
-1.263732 
-0.175163 
-0.191955 
-2.890173 
-0.191680 
-0.178566 
-0.120953 
-3.423438 
-2.007207 
-0.651765 
-0.164803 
-0.292149 
-2.380836 
-0.725550 
-2.636853 
-0.106955 
-3.856691 
-0.399965 
-0.226996 
-0.663960 
-3.708618 
-3.811469 
-0.116896 
-0.099159 
-0.129251 
-3.864535 
-3.810635 
-3.862626 
-3.849765 
-0.333187 
-0.250388 
-2.044077 
-0.134746 
-0.159479 
-3.667943 
-0.218979 
-0.408812 
-0.881781 
-2.859478 
-3.629296 
-2.340888 
-0.367926 
-3.858051 
-2.044280 
-0.098355 
-3.472432 
-0.561976 
-2.212258 
-2.913994 
-3.602256 
-0.111259 
-3.848186 
-0.110885 
-0.087678 
-0.103745 
-0.087365 
-0.122996 
-2.224359 
-2.174842 
-0.227421 
-0.101065 
-0.111052 
-0.101040 
-3.761809 
-3.836554 
-0.248045 
-3.791628 
-0.103555 
-0.116094 
-2.883658 
-0.303870 
-3.884351 
-3.871062 
-3.796515 
-3.822121 
-0.101384 
-3.171847 
-0.109459 
-0.468378 
-0.473167 
-2.688307 
-0.119371 
-1.543538 
-3.504198 
-2.018988 
-0.095039 
-0.090180 
-0.659558 
-2.880389 
-2.640555 
-1.285713 
-3.431759 
-3.842811 
-0.257973 
-3.837679 
-0.277084 
-3.117614 
-3.656476 
-0.136462 
-3.878691 
-2.793836 
-3.825018 
-2.875566 
-0.516148 
-0.119356 
-1.566679 
-0.527988 
-3.851925 
-0.099722 
-1.832801 
-0.275154 
-3.157370 
-0.117579 
-0.109548 
-2.679703 
-3.860798 
-1.924347 
-1.307823 
-3.716781 
-2.156852 
-0.100983 
-2.208779 
-1.118106 
-0.149150 
-3.805316 
-3.877014 
-0.138953 
-0.149715 
-0.115706 
-0.247201 
-3.754508 
-3.576581 
-1.670102 
-1.876744 
-0.175676 
-3.814516 
-1.990075 
-3.626214 
-0.161236 
-2.288725 
-3.623384 
-0.101816 
-0.099612 
-3.863774 
-0.193445 
-0.128208 
-0.604081 
-0.678958 
-0.443250 
-3.698888 
-2.888144 
-2.978996 
-0.325287 
-2.645858 
-0.254340 
-0.110771 
-1.811156 
-0.123643 
-0.199261 
-2.834898 
-0.139351 
-0.386846 
-0.151022 
-0.105891 
-0.135673 
-0.349994 
-3.619315 
-0.189949 
-0.199939 
-3.823374 
-0.149572 
-0.279469 
-1.265467 
-0.266341 
-0.145392 
-0.575752 
-0.316157 
-2.173218 
-2.761702 
-0.324831 
-0.132969 
-0.144948 
-0.932064 
-2.956617 
-0.607172 
-2.878400 
-2.793538 
-3.870126 
-0.282589 
-0.223484 
-3.174989 
-2.117233 
-0.116682 
-0.096068 
-0.093980 
-3.807653 
-3.824445 
-3.890227 
-3.722750 
-0.544812 
-2.887214 
-3.818887 
-2.923514 
-2.369792 
-3.492606 
-1.137902 
-2.900871 
-3.778132 
-1.393947 
-3.574180 
-0.117196 
-0.241957 
-3.858025 
-3.727931 
-0.126529 
-0.354591 
-0.186154 
-0.097998 
-0.206055 
-0.314394 
-0.097896 
-0.144282 
-0.180982 
-3.670400 
-0.100790 
-2.030877 
-0.247897 
-0.125687 
-3.669549 
-0.115815 
-3.617825 
-3.831035 
-0.262371 
-3.519252 
-0.128250 
-3.592393 
-0.319768 
-0.268142 
-0.164801 
-0.317001 
-0.724220 
-3.654230 
-3.152466 
-2.897382 
-3.807434 
-3.827789 
-3.636754 
-3.830281 
-0.089162 
-3.881023 
-3.828230 
-0.177693 
-0.228225 
-0.874755 
-3.590723 
-0.414228 
-3.661772 
-0.146486 
-0.244259 
-2.938052 
-3.834998 
-0.237210 
-3.652020 
-0.194227 
-1.831294 
-0.266012 
-0.400857 
-3.859241 
-0.121903 
-0.337268 
-3.803474 
-0.659252 
-3.809473 
-0.108631 
-0.343412 
-0.149291 
-0.145737 
-0.098104 
-0.127346 
-0.123808 
-0.106630 
-0.277231 
-3.858971 
-2.535472 
-3.848068 
-3.848229 
-0.667545 
-2.663255 
-2.761098 
-2.233627 
-0.355671 
-0.212145 
-3.773065 
-0.404258 
-2.807337 
-0.136293 
-1.931459 
-1.141118 
-1.618568 
-0.259843 
-3.683351 
-0.304882 
-0.124472 
-0.149841 
-3.887055 
-0.141612 
-0.101825 
-0.206761 
-0.645127 
-3.066391 
-3.065240 
-0.195890 
-3.351936 
-3.822785 
-0.185128 
-3.800090 
-0.141573 
-0.156985 
-3.849867 
-3.840270 
-0.109158 
-3.827659 
-3.063518 
-2.841555 
-2.777779 
-3.834114 
-3.326746 
-3.557676 
-3.663808 
-2.711021 
-0.343871 
-3.398057 
-3.333920 
-0.353251 
-1.408584 
-2.976094 
-3.616805 
-3.884520 
-0.207357 
-3.668350 
-2.686162 
-3.819381 
-0.628600 
-0.115501 
-3.625633 
-2.025762 
-0.122550 
-0.242418 
-3.681140 
-2.363181 
-2.465186 
-1.549273 
-0.141015 
-0.189852 
-2.798048 
-0.185435 
-0.420038 
3.526630 
3.218264 
3.081288 
3.164434 
3.452357 
3.260274 
1.855769 
2.943937 
1.127628 
0.328710 
0.322800 
0.244748 
0.380401 
0.577647 
3.723085 
0.335122 
0.348163 
0.238904 
1.433557 
0.354293 
2.604945 
1.298286 
3.204743 
0.537627 
0.387409 
0.412666 
3.440604 
0.260138 
1.039543 
0.382502 
0.440416 
3.485542 
0.332389 
0.369486 
0.780125 
2.715336 
0.252627 
0.513644 
0.314753 
2.547868 
0.720461 
0.202319 
2.526761 
0.409013 
0.218655 
1.513631 
0.167972 
3.776197 
3.699941 
0.591618 
0.637526 
3.229897 
0.212682 
2.655457 
2.913465 
1.923626 
0.432521 
0.473484 
1.223867 
0.411670 
0.522223 
1.165869 
0.149448 
0.222495 
0.319492 
0.381895 
0.570882 
2.670527 
0.556762 
0.369541 
0.214508 
0.143238 
3.219540 
2.941826 
2.823742 
2.994283 
3.506715 
3.891825 
3.568138 
2.518018 
0.504884 
2.673143 
3.542556 
3.748047 
1.589711 
1.580985 
0.364163 
2.700498 
0.370537 
0.288758 
0.805567 
2.008201 
1.441205 
3.386503 
3.773172 
3.775956 
3.736961 
2.000736 
2.483258 
2.450747 
0.253713 
0.702097 
3.153822 
3.670191 
2.124684 
2.885322 
3.406986 
1.746521 
2.773667 
2.890611 
1.742658 
1.264360 
3.371531 
0.207166 
0.238206 
0.363098 
3.567406 
0.199698 
0.289761 
1.328457 
2.606735 
0.970850 
0.713296 
0.607359 
3.423874 
0.572983 
1.071913 
0.254406 
0.245648 
3.803212 
0.330377 
0.428929 
0.240663 
1.834218 
0.494555 
3.603871 
0.253767 
3.658917 
0.296635 
3.703543 
3.451988 
3.175710 
0.295977 
0.317870 
3.527864 
1.942140 
1.597087 
3.763938 
0.254193 
2.600778 
0.763519 
1.066843 
3.696149 
0.615023 
0.471556 
0.532111 
0.324055 
0.975074 
1.276228 
2.648652 
2.855285 
2.155409 
3.450816 
3.744752 
2.689827 
2.255864 
3.189487 
0.385631 
2.838992 
0.553846 
3.737578 
2.745869 
0.269248 
3.811367 
1.487681 
2.167797 
3.774163 
0.392507 
2.093410 
2.644384 
0.457310 
1.019372 
3.227973 
3.273737 
1.502819 
3.687377 
0.319780 
0.305131 
0.282888 
0.455235 
1.103637 
0.668046 
2.966870 
0.426767 
3.315152 
3.545976 
0.253217 
3.312679 
3.825136 
0.164645 
3.346363 
0.457982 
0.434780 
0.287740 
0.489459 
0.755436 
1.647662 
0.216812 
0.451464 
2.484953 
0.515085 
1.568175 
3.700122 
0.174486 
2.829949 
2.036764 
0.150868 
2.423665 
2.995888 
3.662997 
3.704080 
2.763679 
0.494634 
2.893245 
3.854235 
0.232184 
2.816010 
3.548875 
0.513339 
1.314328 
2.393592 
3.291176 
2.059582 
3.686417 
0.152573 
0.307897 
0.342786 
0.475487 
3.760923 
0.597700 
0.153131 
0.304446 
0.286817 
3.035538 
3.782495 
1.973593 
3.589830 
0.871566 
2.162881 
0.411522 
2.719459 
0.563429 
0.242930 
0.284339 
3.063734 
2.703739 
2.209899 
3.212249 
0.311193 
0.655113 
0.211662 
0.357600 
3.277065 
3.210252 
0.319670 
1.706212 
0.205817 
3.424757 
3.606559 
0.243972 
0.415262 
1.466159 
3.789716 
0.670810 
1.475053 
0.200112 
0.358978 
0.319147 
3.824454 
0.576468 
3.215178 
3.816420 
0.159219 
1.256917 
1.331682 
3.449911 
0.286030 
0.306773 
2.064384 
3.745999 
2.811375 
0.746226 
3.086175 
3.527991 
2.747857 
0.343705 
3.387512 
0.417735 
1.314975 
0.354508 
1.007020 
3.602666 
2.320483 
0.695926 
1.404855 
3.107996 
2.379260 
3.898342 
2.773007 
1.139090 
1.012757 
0.462149 
3.450404 
0.495539 
1.244679 
2.700002 
0.373491 
0.382791 
0.522212 
1.634792 
0.555787 
0.296877 
1.583430 
2.660327 
0.689724 
0.215610 
0.161293 
2.522842 
3.494774 
0.464868 
3.414260 
0.673787 
3.825700 
3.811362 
0.510589 
0.203107 
0.222083 
1.187731 
3.473705 
1.614366 
0.830349 
0.773138 
0.637414 
0.383171 
0.144037 
2.604206 
0.231367 
3.597099 
2.700101 
0.553300 
3.784491 
3.518847 
0.497255 
2.668586 
0.482328 
3.573567 
1.440334 
1.870026 
3.690883 
3.719222 
3.765477 
2.261856 
0.851398 
2.583078 
1.020332 
0.318389 
3.064448 
0.486830 
0.371801 
0.801663 
0.371044 
1.675031 
1.508652 
1.690953 
0.710936 
0.426840 
0.898810 
1.544208 
2.594545 
1.128754 
0.995327 
0.278581 
0.520546 
3.260690 
0.279779 
0.524609 
0.571905 
0.304865 
0.518568 
0.809209 
2.169592 
2.290629 
2.028668 
0.315033 
1.119349 
0.266498 
2.587708 
0.207040 
1.549808 
0.325639 
0.538427 
3.605833 
2.270115 
3.784659 
1.701272 
0.388919 
3.096913 
3.723889 
0.698346 
0.542470 
0.373415 
1.817214 
0.333773 
0.286157 
1.847134 
0.192436 
3.794900 
1.224766 
3.504597 
0.416649 
0.542273 
2.776152 
3.417047 
3.845790 
2.333732 
3.830155 
1.512746 
2.538856 
2.376185 
3.203285 
0.570732 
0.173140 
2.102802 
0.321900 
1.594533 
0.380953 
0.300502 
2.740464 
0.349366 
0.613388 
0.284051 
0.180988 
0.285160 
2.038205 
2.695495 
0.751981 
0.124128 
2.295951 
0.227127 
0.708034 
0.288000 
0.791067 
0.979714 
0.364101 
3.132333 
0.306878 
0.180561 
0.675648 
0.332431 
0.802966 
1.874833 
0.815511 
3.787717 
1.236096 
2.218525 
1.111059 
0.846338 
1.748922 
0.212443 
2.764275 
3.486394 
0.194046 
0.492434 
0.705321 
1.509679 
0.968797 
0.225276 
3.680083 
3.236661 
2.260599 
1.939276 
0.416172 
0.450924 
0.310792 
0.341278 
0.221575 
0.223844 
0.244782 
0.255499 
1.611773 
0.215484 
0.530814 
0.293042 
2.194287 
0.543278 
3.513321 
0.335066 
0.318266 
0.417337 
1.274505 
