1000 1
-3.727202 
-3.828706 
-3.569290 
-0.453262 
-0.116768 
-0.117017 
-3.665774 
-0.251136 
-3.277439 
-0.158677 
-3.733374 
-3.232972 
-1.313920 
-0.234094 
-3.238263 
-0.181548 
-3.462688 
-1.862906 
-0.267225 
-0.276935 
-3.660210 
-0.148292 
-0.528880 
-3.507742 
-3.111357 
-0.297807 
-1.632999 
-2.940832 
-3.782390 
-0.749897 
-0.370210 
-0.146738 
-3.789639 
-0.126083 
-3.574928 
-0.162080 
-3.516674 
-3.841913 
-0.436752 
-3.822552 
-1.890212 
-0.145551 
-0.189756 
-2.269224 
-3.300203 
-3.845463 
-0.172624 
-3.810619 
-3.382866 
-3.592072 
-0.115628 
-3.668602 
-1.693583 
-0.123242 
-0.207898 
-3.671917 
-0.107559 
-0.198005 
-3.072885 
-0.665110 
-0.132008 
-0.294782 
-2.326551 
-3.644544 
-3.290012 
-0.590650 
-0.208599 
-2.728793 
-3.761329 
-3.590882 
-1.745327 
-3.085459 
-0.208328 
-0.131684 
-1.825004 
-3.820243 
-0.162612 
-0.142136 
-0.193558 
-0.453002 
-2.900668 
-0.144621 
-0.411770 
-3.227528 
-0.138349 
-3.536550 
-3.244165 
-0.346360 
-0.338117 
-0.131286 
-0.165554 
-1.459194 
-2.654907 
-0.111995 
-0.126595 
-0.196027 
-3.822872 
-2.957131 
-0.114487 
-2.902007 
-3.803926 
-0.128553 
-3.831937 
-0.136681 
-0.515916 
-3.617540 
-3.795194 
-1.972086 
-0.311140 
-0.807429 
-3.427724 
-3.208271 
-3.825004 
-2.825204 
-0.118065 
-0.148011 
-0.130165 
-0.117238 
-0.132374 
-3.591081 
-3.829477 
-0.152822 
-3.813628 
-0.298258 
-0.391092 
-0.485670 
-0.114823 
-0.103992 
-3.634194 
-3.693021 
-2.458589 
-0.185235 
-0.153576 
-0.166297 
-3.496636 
-0.147035 
-0.650638 
-0.247341 
-2.999577 
-3.531114 
-0.134454 
-0.133507 
-0.117220 
-1.223773 
-0.194936 
-0.314287 
-0.686057 
-0.130638 
-0.147893 
-0.105477 
-3.069151 
-3.431626 
-0.386022 
-3.714786 
-0.319934 
-0.161534 
-0.381726 
-3.770237 
-0.148533 
-3.797059 
-0.394200 
-0.560912 
-3.791039 
-3.807510 
-3.804391 
-0.151362 
-0.121206 
-0.160858 
-3.831497 
-3.786732 
-3.812680 
-3.835870 
-0.183575 
-0.153498 
-1.418831 
-0.211435 
-0.167071 
-3.414979 
-0.294592 
-0.310108 
-1.381800 
-0.332644 
-3.809737 
-3.396412 
-0.357883 
-3.767253 
-3.130060 
-0.123720 
-0.748881 
-0.297691 
-0.405840 
-3.175118 
-3.389813 
-0.136577 
-3.475640 
-0.139247 
-0.114646 
-0.118998 
-0.121012 
-0.153169 
-3.058871 
-1.911850 
-2.688465 
-0.144951 
-0.187440 
-0.137249 
-3.799153 
-3.800412 
-2.632423 
-3.763402 
-0.129406 
-0.143366 
-2.362148 
-0.143243 
-3.843039 
-3.809736 
-3.416625 
-3.712555 
-0.131341 
-3.286793 
-0.269866 
-0.325954 
-0.242185 
-2.380786 
-0.360118 
-3.625206 
-2.955407 
-2.112471 
-0.124750 
-0.111832 
-0.651772 
-2.210727 
-2.817949 
-0.689278 
-2.225018 
-3.807837 
-0.670567 
-3.736503 
-0.282859 
-3.122106 
-3.552883 
-0.139192 
-3.836827 
-0.396036 
-3.807551 
-3.306532 
-0.612243 
-0.163752 
-2.506231 
-0.447349 
-3.632275 
-0.133555 
-0.153713 
-2.388593 
-3.770599 
-0.136119 
-0.130026 
-2.113268 
-3.790283 
-3.191552 
-3.808903 
-3.691659 
-3.817109 
-0.149617 
-2.529398 
-0.384702 
-3.295622 
-3.780292 
-3.777478 
-0.204156 
-0.163536 
-0.183514 
-0.189692 
-3.792711 
-3.104311 
-0.521331 
-0.378744 
-0.186443 
-3.283632 
-0.358981 
-3.576196 
-0.190353 
-3.149002 
-3.557571 
-0.149310 
-0.125637 
-3.775583 
-0.191528 
-0.435425 
-0.674878 
-0.283650 
-0.380510 
-3.429264 
-2.650824 
-3.397477 
-0.166188 
-2.626540 
-0.293195 
-0.130062 
-3.747089 
-3.748292 
-0.593901 
-3.021977 
-2.055988 
-0.619097 
-2.475401 
-0.164579 
-0.238606 
-3.763619 
-3.545028 
-2.546611 
-3.431235 
-3.422211 
-0.140416 
-0.289465 
-0.569173 
-0.156446 
-0.129802 
-0.361801 
-0.229001 
-0.637694 
-1.965115 
-0.255310 
-0.152527 
-0.164703 
-0.293292 
-3.164810 
-3.150086 
-3.330539 
-3.154762 
-3.345994 
-1.298359 
-0.359204 
-3.307659 
-0.442605 
-0.143593 
-0.136018 
-0.130539 
-3.837626 
-3.776448 
-3.824421 
-3.298528 
-0.717958 
-2.512328 
-3.706334 
-1.880267 
-2.846517 
-3.281683 
-1.332069 
-3.438507 
-3.771961 
-3.058567 
-3.551612 
-0.168251 
-0.290709 
-3.633878 
-3.509402 
-0.146852 
-3.428633 
-0.271050 
-0.114057 
-0.161715 
-0.241761 
-0.114244 
-0.157755 
-0.125885 
-3.670998 
-3.169900 
-3.103404 
-3.679898 
-3.455186 
-3.598385 
-0.134575 
-3.523741 
-3.798370 
-0.217216 
-2.980847 
-0.157801 
-3.381706 
-1.066980 
-0.534492 
-0.129706 
-0.208123 
-0.845523 
-3.578968 
-3.670822 
-3.763405 
-3.785593 
-3.622664 
-3.748595 
-3.803685 
-0.133155 
-3.815489 
-3.809243 
-0.177303 
-0.197075 
-0.183007 
-3.307658 
-0.364752 
-3.422336 
-0.151292 
-0.244095 
-2.913551 
-3.740027 
-0.219749 
-3.848002 
-0.148258 
-3.040395 
-0.509109 
-2.172189 
-3.808922 
-0.135059 
-3.146246 
-3.805263 
-0.282921 
-3.223756 
-0.634122 
-0.160357 
-0.149676 
-0.144093 
-0.113108 
-0.142645 
-0.166627 
-3.260035 
-0.602290 
-3.800272 
-2.752103 
-3.768693 
-3.813360 
-0.376013 
-2.427211 
-0.245483 
-2.842670 
-0.214848 
-0.144479 
-3.774179 
-0.226609 
-3.523226 
-0.152413 
-0.441597 
-3.292967 
-2.689795 
-0.225291 
-3.647654 
-0.119364 
-0.115318 
-0.150010 
-3.820186 
-0.146562 
-0.134037 
-0.266571 
-3.264413 
-3.644305 
-3.685250 
-0.192822 
-3.643887 
-3.616996 
-0.413140 
-3.803039 
-0.227176 
-0.180040 
-3.815214 
-3.818963 
-0.128959 
-3.681014 
-2.460685 
-3.179828 
-1.529553 
-3.820590 
-2.026021 
-1.696033 
-3.469390 
-2.669409 
-0.198216 
-2.432103 
-3.232779 
-0.565934 
-1.663985 
-2.018313 
-3.343308 
-3.844080 
-0.268059 
-3.578518 
-3.273951 
-3.787391 
-2.674774 
-0.269267 
-3.807147 
-1.865781 
-0.132683 
-0.185496 
-3.560807 
-0.551909 
-3.510119 
-2.169620 
-0.149548 
-0.168646 
-3.304817 
-0.275003 
-0.257998 
2.953472 
2.677544 
3.430062 
2.739781 
1.752850 
3.354932 
0.815066 
3.121918 
0.529480 
0.260063 
2.770944 
0.179852 
0.399956 
0.833333 
3.840932 
3.703193 
0.209194 
0.293814 
0.635714 
0.346419 
2.524887 
3.098476 
2.827766 
0.479696 
0.396797 
0.979211 
3.225086 
0.305849 
3.308591 
0.389812 
0.475732 
3.739743 
1.334068 
0.355144 
2.994386 
3.155830 
0.297082 
0.629964 
0.324230 
2.598776 
1.774820 
0.223929 
0.891256 
0.381111 
0.254044 
0.591890 
0.297978 
3.679807 
3.294025 
0.196308 
0.272446 
0.177063 
0.285682 
3.121507 
3.439343 
0.746844 
0.374556 
0.425572 
2.577724 
0.351403 
0.277848 
1.304782 
0.227989 
2.818715 
2.926893 
3.584821 
2.263656 
3.234300 
3.149270 
2.764243 
2.641005 
0.305872 
3.524261 
3.810494 
3.346897 
3.767079 
3.729279 
3.865200 
3.605137 
3.498169 
0.726830 
3.785318 
3.588770 
3.687956 
0.894703 
0.584516 
0.386081 
0.637916 
0.224062 
0.264421 
0.330938 
3.034308 
0.167939 
3.591861 
3.837445 
3.848254 
3.456570 
2.490996 
3.758731 
3.644034 
0.211426 
2.980746 
2.939762 
3.584161 
3.122620 
2.880098 
3.388711 
2.935932 
1.240617 
1.236985 
1.052327 
0.518421 
2.091026 
0.210709 
0.349096 
0.844387 
3.740140 
0.304633 
0.475908 
0.924433 
2.247145 
2.757938 
2.053958 
0.415656 
3.354362 
0.194069 
3.161756 
0.503798 
0.223358 
3.842777 
0.319478 
0.369983 
0.248598 
2.411624 
0.427668 
3.521394 
0.263610 
3.646712 
0.377778 
2.943923 
2.637510 
0.793263 
0.341944 
1.727584 
0.301253 
2.459399 
0.287541 
3.832232 
2.007316 
0.587234 
1.895553 
1.471116 
3.590647 
2.858353 
2.943464 
2.839391 
1.595592 
3.004241 
0.559478 
3.847580 
3.128452 
2.737144 
3.390639 
3.614643 
1.016064 
3.307109 
2.760242 
0.461975 
0.947159 
1.747672 
3.662697 
3.191518 
0.258760 
3.627183 
2.569047 
2.987815 
3.849822 
1.607826 
1.642929 
0.215848 
0.267666 
2.597137 
3.785783 
3.391386 
0.719400 
3.447699 
0.224445 
2.064433 
0.325679 
1.165853 
0.466039 
1.793414 
1.792314 
0.240657 
3.426054 
3.487195 
0.955541 
3.094699 
3.824144 
0.258679 
2.775032 
0.210700 
2.041257 
0.326180 
2.208586 
0.659809 
1.608404 
0.188171 
0.823353 
3.343409 
0.437480 
2.625492 
3.683335 
0.208157 
3.032000 
1.104133 
0.196886 
3.381829 
0.630804 
3.395176 
3.401280 
3.756455 
0.378081 
3.150000 
3.088953 
0.199894 
2.377700 
3.166668 
0.316969 
0.534578 
1.793853 
3.252091 
2.551568 
3.599717 
0.348785 
1.580085 
3.101945 
0.798668 
3.851362 
2.234273 
1.651052 
0.448754 
0.232015 
3.364182 
3.832001 
2.579155 
0.516715 
3.238660 
2.846614 
0.324115 
2.053346 
0.298583 
0.208268 
0.194251 
3.511718 
2.458911 
3.159937 
3.370886 
0.415635 
0.307225 
0.229725 
0.275456 
2.523720 
3.261127 
0.340575 
2.428671 
0.235745 
3.245979 
3.456007 
0.257337 
0.430982 
3.625610 
3.451301 
0.454234 
0.600870 
0.175585 
0.195903 
0.251933 
3.744028 
0.488510 
2.272758 
3.630015 
0.380150 
3.020119 
3.005081 
3.795599 
0.358159 
0.420302 
3.804628 
3.863916 
3.607200 
0.465116 
3.452882 
3.645044 
1.043082 
0.360899 
3.254242 
0.571796 
0.978245 
0.337072 
0.811464 
3.808875 
2.286704 
2.316832 
2.155846 
2.215493 
3.346020 
3.869415 
1.316598 
2.411168 
1.713146 
0.516482 
3.312899 
0.909820 
0.341590 
2.983851 
0.273275 
0.371956 
0.454631 
0.382827 
0.351723 
0.351594 
3.050492 
3.354243 
2.758405 
0.233098 
0.220656 
2.798123 
3.571249 
1.192173 
3.039275 
0.483416 
3.124764 
3.552854 
0.286953 
0.197185 
0.198244 
1.669204 
3.601217 
2.316744 
0.510326 
2.961883 
2.911306 
2.842567 
0.237055 
3.793914 
0.439312 
3.792010 
3.407573 
2.606931 
3.730558 
3.522552 
0.818797 
2.703441 
0.303437 
1.723755 
1.993516 
2.098085 
3.806830 
3.687111 
3.864954 
0.481289 
0.896918 
2.621544 
2.530249 
0.318764 
3.704096 
2.688988 
0.297321 
0.520491 
0.380903 
0.390615 
0.240223 
2.410195 
0.328751 
0.385698 
0.744500 
2.767676 
3.111313 
0.446288 
0.314394 
0.237290 
0.263688 
3.286340 
0.247235 
0.211075 
0.477426 
0.527375 
2.187610 
1.602404 
2.654663 
3.055932 
0.846350 
0.386393 
0.641163 
0.193650 
2.921249 
0.197225 
0.269524 
0.266095 
3.354819 
3.821744 
2.352617 
3.854416 
0.441414 
0.364059 
1.483534 
3.787405 
0.451525 
2.632439 
0.386410 
3.045210 
0.251682 
0.402436 
2.582266 
0.246597 
3.839091 
0.654683 
3.419144 
2.159865 
3.143941 
3.470278 
1.367258 
3.840621 
0.317345 
3.768407 
2.672802 
2.217296 
3.241024 
3.284284 
1.275421 
0.205190 
0.669529 
0.484344 
0.656546 
2.893764 
0.250637 
3.070955 
0.400959 
1.753807 
0.320873 
0.208626 
0.264835 
2.456131 
3.409087 
0.212533 
0.185813 
3.711546 
0.357485 
2.571731 
0.313913 
0.271819 
1.084753 
0.241888 
3.569476 
0.425990 
0.417986 
1.602609 
0.318684 
0.901137 
2.384689 
0.631036 
3.796474 
2.413425 
2.141253 
0.467654 
0.462398 
0.421940 
0.193745 
3.309166 
3.733031 
0.346270 
0.487811 
1.679335 
2.615219 
2.470990 
0.172930 
0.447780 
0.604574 
2.362390 
0.373470 
0.412771 
0.397820 
0.433724 
0.405506 
0.418513 
1.824134 
0.189986 
0.214340 
2.053731 
0.278885 
0.531662 
0.397925 
2.915355 
1.419151 
2.708930 
0.258735 
3.506712 
0.486606 
3.139783 
