18 4
0.019066 0.982094 0.000000 1.000000
0.000000 201.130827 0.000000 1.000000
0.000486 0.033858 0.000000 1.000000
35.777262 5019.214440 0.000000 1.000000
63.218812 9979.137717 0.000000 1.000000
-0.032839 1.000000 0.000000 1.000000
0.000691 1.569834 0.000000 1.000000
0.004381 1.570768 0.000000 1.000000
0.264727 1.570746 0.000000 1.000000
0.171820 1.570739 0.000000 1.000000
0.513934 1.570375 0.000000 1.000000
0.006059 1.402046 0.000000 1.000000
0.075315 1.570791 0.000000 1.000000
0.002290 1.567981 0.000000 1.000000
0.445773 1.570719 0.000000 1.000000
1.570913 4.712312 0.000000 1.000000
0.172716 1.570745 0.000000 1.000000
0.000390 0.984789 0.000000 1.000000
