986 4
2.240035 10.514778 0.000000 1.000000
0.936166 7.444699 0.000000 1.000000
0.772409 8.879830 0.000000 1.000000
0.177616 8.282758 0.000000 1.000000
1.566606 10.381209 0.000000 1.000000
0.834637 8.482956 0.000000 1.000000
1.310883 8.958084 0.000000 1.000000
1.209508 7.563370 0.000000 1.000000
2.288026 10.034665 0.000000 1.000000
0.000000 0.800000 0.000000 1.000000
0.000000 0.302632 0.000000 1.000000
0.000000 0.364865 0.000000 1.000000
0.000000 0.466667 0.000000 1.000000
0.000000 0.913215 0.000000 1.000000
0.000000 0.285714 0.000000 1.000000
0.000000 0.396396 0.000000 1.000000
0.000000 0.289474 0.000000 1.000000
0.000000 0.681818 0.000000 1.000000
0.023173 1.000000 0.000000 1.000000
0.000000 0.897436 0.000000 1.000000
0.000000 0.908451 0.000000 1.000000
0.091476 1.949550 0.000000 1.000000
0.596573 3.151090 0.000000 1.000000
0.001593 0.972608 0.000000 1.000000
1.114253 2.062695 0.000000 1.000000
0.004114 0.546645 0.000000 1.000000
0.000500 0.391900 0.000000 1.000000
0.003500 0.361700 0.000000 1.000000
0.003800 0.630400 0.000000 1.000000
0.000700 0.412100 0.000000 1.000000
0.004000 0.441600 0.000000 1.000000
0.002300 0.485600 0.000000 1.000000
0.005500 0.551900 0.000000 1.000000
0.005300 0.389400 0.000000 1.000000
0.003400 0.500800 0.000000 1.000000
0.004600 0.499700 0.000000 1.000000
0.007200 0.603100 0.000000 1.000000
0.004100 0.369800 0.000000 1.000000
0.000600 0.376800 0.000000 1.000000
0.002800 0.484500 0.000000 1.000000
0.004600 0.536600 0.000000 1.000000
0.000600 0.329800 0.000000 1.000000
0.000200 0.447500 0.000000 1.000000
0.002200 0.348000 0.000000 1.000000
0.002200 0.467900 0.000000 1.000000
0.000800 0.295000 0.000000 1.000000
0.003500 0.309700 0.000000 1.000000
0.001800 0.373400 0.000000 1.000000
0.008500 0.339100 0.000000 1.000000
0.004600 0.328600 0.000000 1.000000
0.003100 0.336600 0.000000 1.000000
0.004800 0.417700 0.000000 1.000000
0.007300 0.412600 0.000000 1.000000
0.004300 0.260900 0.000000 1.000000
0.000400 0.348400 0.000000 1.000000
0.002800 0.388300 0.000000 1.000000
0.003100 0.331500 0.000000 1.000000
0.000400 0.390000 0.000000 1.000000
0.000100 0.372200 0.000000 1.000000
0.001100 0.573400 0.000000 1.000000
0.001000 0.354100 0.000000 1.000000
0.001100 0.266700 0.000000 1.000000
0.002600 0.325900 0.000000 1.000000
0.001700 0.289100 0.000000 1.000000
0.008500 0.351500 0.000000 1.000000
0.004200 0.265800 0.000000 1.000000
0.003400 0.391000 0.000000 1.000000
0.003300 0.343000 0.000000 1.000000
0.006900 0.279600 0.000000 1.000000
0.003400 0.269300 0.000000 1.000000
0.000400 0.370700 0.000000 1.000000
0.002900 0.341900 0.000000 1.000000
0.002900 0.348600 0.000000 1.000000
0.000300 0.388400 0.000000 1.000000
0.000300 0.642800 0.000000 1.000000
0.001600 0.479900 0.000000 1.000000
0.001100 0.327800 0.000000 1.000000
0.001000 0.299600 0.000000 1.000000
0.002900 0.489600 0.000000 1.000000
0.002100 0.349300 0.000000 1.000000
0.007700 0.300400 0.000000 1.000000
0.004300 0.275100 0.000000 1.000000
0.005600 0.753400 0.000000 1.000000
0.004000 0.467700 0.000000 1.000000
0.007400 0.261200 0.000000 1.000000
0.004600 0.278200 0.000000 1.000000
0.000300 0.474700 0.000000 1.000000
0.003200 0.458800 0.000000 1.000000
0.004000 0.286900 0.000000 1.000000
0.000300 0.495200 0.000000 1.000000
0.000600 0.521400 0.000000 1.000000
0.002200 0.584600 0.000000 1.000000
0.001900 0.426700 0.000000 1.000000
0.000800 0.751000 0.000000 1.000000
0.003500 0.532600 0.000000 1.000000
0.002600 0.445200 0.000000 1.000000
0.005300 0.555400 0.000000 1.000000
0.005500 0.730300 0.000000 1.000000
0.004700 0.746100 0.000000 1.000000
0.004300 0.482100 0.000000 1.000000
0.006500 0.394100 0.000000 1.000000
0.005300 0.687400 0.000000 1.000000
0.000300 0.572900 0.000000 1.000000
0.004400 0.645500 0.000000 1.000000
0.004700 0.423300 0.000000 1.000000
0.000600 0.702000 0.000000 1.000000
0.000300 0.410200 0.000000 1.000000
0.001700 0.530200 0.000000 1.000000
0.001200 0.359500 0.000000 1.000000
0.000400 0.443000 0.000000 1.000000
0.004100 0.565500 0.000000 1.000000
0.002200 0.399000 0.000000 1.000000
0.005600 0.341300 0.000000 1.000000
0.004400 0.316600 0.000000 1.000000
0.003100 0.584800 0.000000 1.000000
0.002900 0.346100 0.000000 1.000000
0.005400 0.301900 0.000000 1.000000
0.003700 0.285100 0.000000 1.000000
0.000100 0.517200 0.000000 1.000000
0.004400 0.505300 0.000000 1.000000
0.004000 0.348700 0.000000 1.000000
0.000800 0.327800 0.000000 1.000000
0.000300 0.347800 0.000000 1.000000
0.001100 0.360000 0.000000 1.000000
0.001100 0.366400 0.000000 1.000000
0.000100 0.540700 0.000000 1.000000
0.003200 0.276800 0.000000 1.000000
0.001900 0.308700 0.000000 1.000000
0.007400 0.272200 0.000000 1.000000
0.004300 0.264100 0.000000 1.000000
0.002800 0.329400 0.000000 1.000000
0.003700 0.268800 0.000000 1.000000
0.004400 0.286400 0.000000 1.000000
0.005000 0.281200 0.000000 1.000000
0.000100 0.341100 0.000000 1.000000
0.002800 0.314100 0.000000 1.000000
0.004600 0.248400 0.000000 1.000000
0.000900 0.238700 0.000000 1.000000
0.000200 0.439300 0.000000 1.000000
0.002200 0.403000 0.000000 1.000000
0.001800 0.347200 0.000000 1.000000
0.000200 0.460900 0.000000 1.000000
0.002800 0.383300 0.000000 1.000000
0.002000 0.437300 0.000000 1.000000
0.005400 0.438800 0.000000 1.000000
0.004300 0.267200 0.000000 1.000000
0.003300 0.412300 0.000000 1.000000
0.003300 0.368200 0.000000 1.000000
0.005500 0.323800 0.000000 1.000000
0.003700 0.249700 0.000000 1.000000
0.000200 0.364900 0.000000 1.000000
0.002800 0.293600 0.000000 1.000000
0.004700 0.273300 0.000000 1.000000
0.000600 0.245800 0.000000 1.000000
0.000600 0.293600 0.000000 1.000000
0.003500 0.384000 0.000000 1.000000
0.003500 0.582200 0.000000 1.000000
0.000800 0.458300 0.000000 1.000000
0.003500 0.363200 0.000000 1.000000
0.002400 0.561100 0.000000 1.000000
0.008300 0.588600 0.000000 1.000000
0.004600 0.354100 0.000000 1.000000
0.003400 0.392100 0.000000 1.000000
0.003600 0.447400 0.000000 1.000000
0.004900 0.614600 0.000000 1.000000
0.004200 0.323100 0.000000 1.000000
0.000700 0.475800 0.000000 1.000000
0.003100 0.558700 0.000000 1.000000
0.005100 0.555500 0.000000 1.000000
0.000700 0.360100 0.000000 1.000000
0.000300 0.325200 0.000000 1.000000
0.001900 0.308100 0.000000 1.000000
0.003000 0.268400 0.000000 1.000000
0.000900 0.275500 0.000000 1.000000
0.003600 0.332100 0.000000 1.000000
0.001700 0.353800 0.000000 1.000000
0.006500 0.425500 0.000000 1.000000
0.005600 0.295500 0.000000 1.000000
0.002500 0.288000 0.000000 1.000000
0.004200 0.420900 0.000000 1.000000
0.005900 0.462800 0.000000 1.000000
0.004600 0.283500 0.000000 1.000000
0.000500 0.359800 0.000000 1.000000
0.003900 0.400300 0.000000 1.000000
0.002700 0.401500 0.000000 1.000000
0.000400 0.247800 0.000000 1.000000
0.000100 0.405800 0.000000 1.000000
0.001700 0.234500 0.000000 1.000000
0.002300 0.304500 0.000000 1.000000
0.001400 0.230500 0.000000 1.000000
0.002000 0.329900 0.000000 1.000000
0.001600 0.271600 0.000000 1.000000
0.010600 0.255900 0.000000 1.000000
0.008000 0.242500 0.000000 1.000000
0.004600 0.428000 0.000000 1.000000
0.002800 0.366200 0.000000 1.000000
0.004400 0.231400 0.000000 1.000000
0.002900 0.198300 0.000000 1.000000
0.000500 0.444500 0.000000 1.000000
0.003900 0.356200 0.000000 1.000000
0.002500 0.218300 0.000000 1.000000
0.000300 0.373100 0.000000 1.000000
0.000400 0.550200 0.000000 1.000000
0.003100 0.329600 0.000000 1.000000
0.002400 0.333900 0.000000 1.000000
0.001200 0.264600 0.000000 1.000000
0.002000 0.508100 0.000000 1.000000
0.001900 0.314100 0.000000 1.000000
0.010700 0.268500 0.000000 1.000000
0.010600 0.267100 0.000000 1.000000
0.006300 0.499000 0.000000 1.000000
0.003700 0.532400 0.000000 1.000000
0.007600 0.273800 0.000000 1.000000
0.004300 0.257200 0.000000 1.000000
0.000400 0.713600 0.000000 1.000000
0.002500 0.589600 0.000000 1.000000
0.003700 0.337700 0.000000 1.000000
0.000400 0.257200 0.000000 1.000000
0.000700 0.565600 0.000000 1.000000
0.002700 0.525600 0.000000 1.000000
0.005800 0.446400 0.000000 1.000000
0.001000 0.484300 0.000000 1.000000
0.002900 0.615900 0.000000 1.000000
0.003000 0.355900 0.000000 1.000000
0.010100 0.571800 0.000000 1.000000
0.011100 0.482900 0.000000 1.000000
0.005100 0.603100 0.000000 1.000000
0.003500 0.577000 0.000000 1.000000
0.003900 0.387600 0.000000 1.000000
0.007900 0.506300 0.000000 1.000000
0.000300 0.695600 0.000000 1.000000
0.002800 0.922600 0.000000 1.000000
0.004000 0.342000 0.000000 1.000000
0.000700 0.549700 0.000000 1.000000
0.000400 0.372700 0.000000 1.000000
0.002000 0.448900 0.000000 1.000000
0.002500 0.423000 0.000000 1.000000
0.000500 0.341400 0.000000 1.000000
0.004700 0.552300 0.000000 1.000000
0.002100 0.387400 0.000000 1.000000
0.003200 0.364800 0.000000 1.000000
0.006200 0.225400 0.000000 1.000000
0.002100 0.434000 0.000000 1.000000
0.003200 0.438000 0.000000 1.000000
0.002900 0.324500 0.000000 1.000000
0.004500 0.238100 0.000000 1.000000
0.000100 0.398800 0.000000 1.000000
0.002600 0.480800 0.000000 1.000000
0.004100 0.255100 0.000000 1.000000
0.001000 0.253700 0.000000 1.000000
0.000400 0.264700 0.000000 1.000000
0.002500 0.428700 0.000000 1.000000
0.003100 0.367700 0.000000 1.000000
0.000200 0.443200 0.000000 1.000000
0.004100 0.279600 0.000000 1.000000
0.001800 0.368300 0.000000 1.000000
0.003900 0.248300 0.000000 1.000000
0.004700 0.275100 0.000000 1.000000
0.002100 0.236800 0.000000 1.000000
0.002100 0.304300 0.000000 1.000000
0.003600 0.214200 0.000000 1.000000
0.004400 0.181200 0.000000 1.000000
0.000100 0.306100 0.000000 1.000000
0.001900 0.368500 0.000000 1.000000
0.006000 0.186400 0.000000 1.000000
0.001200 0.217500 0.000000 1.000000
0.000300 0.398000 0.000000 1.000000
0.003000 0.362900 0.000000 1.000000
0.003200 0.432300 0.000000 1.000000
0.000300 0.287400 0.000000 1.000000
0.002100 0.340900 0.000000 1.000000
0.002000 0.476300 0.000000 1.000000
0.013500 0.452100 0.000000 1.000000
0.005700 0.275500 0.000000 1.000000
0.003700 0.283500 0.000000 1.000000
0.001600 0.328700 0.000000 1.000000
0.005500 0.380600 0.000000 1.000000
0.003800 0.203900 0.000000 1.000000
0.000300 0.397100 0.000000 1.000000
0.001900 0.334300 0.000000 1.000000
0.003100 0.312000 0.000000 1.000000
0.000800 0.245600 0.000000 1.000000
0.000900 0.323800 0.000000 1.000000
0.004500 0.429800 0.000000 1.000000
0.004500 0.599500 0.000000 1.000000
0.001400 0.298400 0.000000 1.000000
0.003800 0.321100 0.000000 1.000000
0.002000 0.424100 0.000000 1.000000
0.005900 0.387300 0.000000 1.000000
0.005400 0.270400 0.000000 1.000000
0.002500 0.302600 0.000000 1.000000
0.002000 0.366300 0.000000 1.000000
0.005400 0.314800 0.000000 1.000000
0.004500 0.233600 0.000000 1.000000
0.001000 0.274400 0.000000 1.000000
0.002600 0.458900 0.000000 1.000000
0.005300 0.478600 0.000000 1.000000
0.001300 0.222900 0.000000 1.000000
0.000600 0.373700 0.000000 1.000000
0.003200 0.219600 0.000000 1.000000
0.003000 0.271900 0.000000 1.000000
0.002600 0.227200 0.000000 1.000000
0.004500 0.305700 0.000000 1.000000
0.001100 0.278300 0.000000 1.000000
0.005700 0.311900 0.000000 1.000000
0.008200 0.172700 0.000000 1.000000
0.004300 0.438600 0.000000 1.000000
0.004500 0.364200 0.000000 1.000000
0.007600 0.267400 0.000000 1.000000
0.008300 0.232500 0.000000 1.000000
0.001000 0.415400 0.000000 1.000000
0.004300 0.344400 0.000000 1.000000
0.005100 0.257700 0.000000 1.000000
0.000300 0.303200 0.000000 1.000000
0.001200 0.387000 0.000000 1.000000
0.001400 0.351100 0.000000 1.000000
0.002800 0.327500 0.000000 1.000000
0.001800 0.330400 0.000000 1.000000
0.004000 0.418700 0.000000 1.000000
0.002400 0.471900 0.000000 1.000000
0.007200 0.291600 0.000000 1.000000
0.007900 0.313900 0.000000 1.000000
0.005100 0.406600 0.000000 1.000000
0.006900 0.503700 0.000000 1.000000
0.005300 0.303900 0.000000 1.000000
0.007700 0.288900 0.000000 1.000000
0.000500 0.397200 0.000000 1.000000
0.002900 0.358100 0.000000 1.000000
0.002700 0.298300 0.000000 1.000000
0.000800 0.332600 0.000000 1.000000
0.001100 0.295100 0.000000 1.000000
0.002300 0.361200 0.000000 1.000000
0.007300 0.343600 0.000000 1.000000
0.000600 0.347700 0.000000 1.000000
0.004800 0.336700 0.000000 1.000000
0.002700 0.377100 0.000000 1.000000
0.012500 0.283000 0.000000 1.000000
0.009300 0.255800 0.000000 1.000000
0.004600 0.305400 0.000000 1.000000
0.005200 0.351100 0.000000 1.000000
0.006200 0.201500 0.000000 1.000000
0.008100 0.161200 0.000000 1.000000
0.000300 0.259400 0.000000 1.000000
0.003300 0.295400 0.000000 1.000000
0.006700 0.238000 0.000000 1.000000
0.002100 0.179600 0.000000 1.000000
0.001200 0.356200 0.000000 1.000000
0.003400 0.324100 0.000000 1.000000
0.002800 0.434900 0.000000 1.000000
0.001800 0.289900 0.000000 1.000000
0.003000 0.320600 0.000000 1.000000
0.002300 0.335700 0.000000 1.000000
0.005000 0.434800 0.000000 1.000000
0.005800 0.377300 0.000000 1.000000
0.003700 0.273300 0.000000 1.000000
0.003100 0.316100 0.000000 1.000000
0.004500 0.406700 0.000000 1.000000
0.003700 0.369800 0.000000 1.000000
0.001300 0.326100 0.000000 1.000000
0.002700 0.338500 0.000000 1.000000
0.004200 0.345500 0.000000 1.000000
0.001600 0.291900 0.000000 1.000000
0.000400 0.260200 0.000000 1.000000
0.002800 0.234600 0.000000 1.000000
0.002100 0.269000 0.000000 1.000000
0.002000 0.220800 0.000000 1.000000
0.002700 0.217300 0.000000 1.000000
0.001900 0.216700 0.000000 1.000000
0.003700 0.267600 0.000000 1.000000
0.004400 0.276500 0.000000 1.000000
0.003300 0.203800 0.000000 1.000000
0.003400 0.189400 0.000000 1.000000
0.004200 0.271500 0.000000 1.000000
0.003500 0.240300 0.000000 1.000000
0.000700 0.199100 0.000000 1.000000
0.002900 0.250700 0.000000 1.000000
0.003500 0.287600 0.000000 1.000000
0.001000 0.235200 0.000000 1.000000
0.000200 0.233600 0.000000 1.000000
0.001700 0.222100 0.000000 1.000000
0.001400 0.198200 0.000000 1.000000
0.002700 0.235400 0.000000 1.000000
0.002700 0.229200 0.000000 1.000000
0.001800 0.214800 0.000000 1.000000
0.003100 0.233000 0.000000 1.000000
0.004700 0.257700 0.000000 1.000000
0.002800 0.280700 0.000000 1.000000
0.003000 0.209000 0.000000 1.000000
0.005300 0.227800 0.000000 1.000000
0.002800 0.224000 0.000000 1.000000
0.000500 0.304900 0.000000 1.000000
0.002300 0.276200 0.000000 1.000000
0.002800 0.237900 0.000000 1.000000
0.000700 0.265200 0.000000 1.000000
0.000500 0.278500 0.000000 1.000000
0.002100 0.361300 0.000000 1.000000
0.001500 0.330500 0.000000 1.000000
0.002500 0.262600 0.000000 1.000000
0.003000 0.250400 0.000000 1.000000
0.002300 0.263700 0.000000 1.000000
0.004800 0.283400 0.000000 1.000000
0.004000 0.238500 0.000000 1.000000
0.004300 0.216400 0.000000 1.000000
0.004300 0.244900 0.000000 1.000000
0.005500 0.248100 0.000000 1.000000
0.004400 0.287500 0.000000 1.000000
0.000400 0.187000 0.000000 1.000000
0.002700 0.255500 0.000000 1.000000
0.003500 0.263200 0.000000 1.000000
0.001000 0.345600 0.000000 1.000000
0.000900 0.311100 0.000000 1.000000
0.002800 0.351900 0.000000 1.000000
0.002500 0.537700 0.000000 1.000000
0.001600 0.381900 0.000000 1.000000
0.003300 0.345200 0.000000 1.000000
0.003400 0.349800 0.000000 1.000000
0.006400 0.448300 0.000000 1.000000
0.005000 0.394900 0.000000 1.000000
0.005200 0.343700 0.000000 1.000000
0.005800 0.402300 0.000000 1.000000
0.004900 0.348100 0.000000 1.000000
0.004700 0.462400 0.000000 1.000000
0.000600 0.261600 0.000000 1.000000
0.003800 0.380100 0.000000 1.000000
0.004000 0.531600 0.000000 1.000000
0.001700 0.380600 0.000000 1.000000
0.000400 0.231000 0.000000 1.000000
0.002200 0.296600 0.000000 1.000000
0.001900 0.349900 0.000000 1.000000
0.000600 0.285200 0.000000 1.000000
0.002900 0.253000 0.000000 1.000000
0.002500 0.210400 0.000000 1.000000
0.003800 0.300800 0.000000 1.000000
0.003500 0.258900 0.000000 1.000000
0.003300 0.236600 0.000000 1.000000
0.003400 0.268800 0.000000 1.000000
0.005000 0.282400 0.000000 1.000000
0.003500 0.314700 0.000000 1.000000
0.000200 0.238000 0.000000 1.000000
0.003500 0.486200 0.000000 1.000000
0.003400 0.278500 0.000000 1.000000
0.002400 0.236200 0.000000 1.000000
0.000500 0.208300 0.000000 1.000000
0.001400 0.229100 0.000000 1.000000
0.001600 0.192000 0.000000 1.000000
0.000300 0.210100 0.000000 1.000000
0.002500 0.197900 0.000000 1.000000
0.002100 0.229600 0.000000 1.000000
0.004100 0.199500 0.000000 1.000000
0.002600 0.217000 0.000000 1.000000
0.002800 0.235300 0.000000 1.000000
0.003400 0.205200 0.000000 1.000000
0.003600 0.235300 0.000000 1.000000
0.003900 0.256500 0.000000 1.000000
0.000100 0.303300 0.000000 1.000000
0.002400 0.245700 0.000000 1.000000
0.002200 0.217800 0.000000 1.000000
0.002400 0.210000 0.000000 1.000000
0.000400 0.222800 0.000000 1.000000
0.002500 0.228200 0.000000 1.000000
0.001800 0.256700 0.000000 1.000000
0.000500 0.225000 0.000000 1.000000
0.002400 0.211600 0.000000 1.000000
0.002100 0.242100 0.000000 1.000000
0.003500 0.279400 0.000000 1.000000
0.003700 0.237400 0.000000 1.000000
0.002700 0.207200 0.000000 1.000000
0.003700 0.197700 0.000000 1.000000
0.005400 0.243200 0.000000 1.000000
0.003200 0.233000 0.000000 1.000000
0.000300 0.232900 0.000000 1.000000
0.002700 0.275500 0.000000 1.000000
0.002700 0.293900 0.000000 1.000000
0.001600 0.247000 0.000000 1.000000
0.001300 0.252700 0.000000 1.000000
0.002400 0.284600 0.000000 1.000000
0.002400 0.418400 0.000000 1.000000
0.001900 0.432200 0.000000 1.000000
0.003200 0.297500 0.000000 1.000000
0.001300 0.323200 0.000000 1.000000
0.005600 0.413000 0.000000 1.000000
0.004400 0.309400 0.000000 1.000000
0.002900 0.267500 0.000000 1.000000
0.002500 0.267300 0.000000 1.000000
0.006900 0.431100 0.000000 1.000000
0.001700 0.325800 0.000000 1.000000
0.001400 0.244200 0.000000 1.000000
0.002100 0.301300 0.000000 1.000000
0.002000 0.330600 0.000000 1.000000
0.001700 0.345600 0.000000 1.000000
0.000500 0.178700 0.000000 1.000000
0.001500 0.187500 0.000000 1.000000
0.002300 0.279600 0.000000 1.000000
0.002300 0.210300 0.000000 1.000000
0.002100 0.179200 0.000000 1.000000
0.001700 0.212300 0.000000 1.000000
0.004200 0.249300 0.000000 1.000000
0.006200 0.267300 0.000000 1.000000
0.002700 0.181700 0.000000 1.000000
0.002500 0.225900 0.000000 1.000000
0.003500 0.246000 0.000000 1.000000
0.003600 0.269800 0.000000 1.000000
0.000700 0.236700 0.000000 1.000000
0.001300 0.225700 0.000000 1.000000
0.001400 0.256100 0.000000 1.000000
0.001100 0.218300 0.000000 1.000000
0.000200 0.189300 0.000000 1.000000
0.002200 0.216500 0.000000 1.000000
0.002000 0.196000 0.000000 1.000000
0.003300 0.204200 0.000000 1.000000
0.002100 0.245000 0.000000 1.000000
0.001600 0.188400 0.000000 1.000000
0.003500 0.198100 0.000000 1.000000
0.005300 0.286800 0.000000 1.000000
0.003600 0.216600 0.000000 1.000000
0.001700 0.193000 0.000000 1.000000
0.002600 0.324100 0.000000 1.000000
0.004000 0.228300 0.000000 1.000000
0.000700 0.224200 0.000000 1.000000
0.001600 0.215200 0.000000 1.000000
0.001500 0.172700 0.000000 1.000000
0.000800 0.190800 0.000000 1.000000
0.000600 0.198100 0.000000 1.000000
0.002100 0.236000 0.000000 1.000000
0.001700 0.320400 0.000000 1.000000
0.002900 0.214300 0.000000 1.000000
0.002300 0.268600 0.000000 1.000000
0.002100 0.287100 0.000000 1.000000
0.002500 0.251700 0.000000 1.000000
0.006100 0.220600 0.000000 1.000000
0.005000 0.219300 0.000000 1.000000
0.002800 0.234100 0.000000 1.000000
0.003000 0.254100 0.000000 1.000000
0.004100 0.239300 0.000000 1.000000
0.000500 0.173100 0.000000 1.000000
0.002500 0.224000 0.000000 1.000000
0.002000 0.296200 0.000000 1.000000
0.001100 0.210500 0.000000 1.000000
0.001100 0.317300 0.000000 1.000000
0.002700 0.264100 0.000000 1.000000
0.001500 0.572800 0.000000 1.000000
0.001800 0.334800 0.000000 1.000000
0.003400 0.317000 0.000000 1.000000
0.001800 0.354000 0.000000 1.000000
0.004500 0.431200 0.000000 1.000000
0.008300 0.447000 0.000000 1.000000
0.004700 0.327300 0.000000 1.000000
0.002500 0.380200 0.000000 1.000000
0.005100 0.327300 0.000000 1.000000
0.006100 0.456000 0.000000 1.000000
0.000600 0.324700 0.000000 1.000000
0.002800 0.341700 0.000000 1.000000
0.002000 0.532900 0.000000 1.000000
0.001900 0.369000 0.000000 1.000000
0.000500 0.204600 0.000000 1.000000
0.002500 0.243900 0.000000 1.000000
0.002000 0.349900 0.000000 1.000000
0.000800 0.280800 0.000000 1.000000
0.003100 0.235200 0.000000 1.000000
0.001300 0.271000 0.000000 1.000000
0.004000 0.290600 0.000000 1.000000
0.006100 0.253600 0.000000 1.000000
0.002400 0.198800 0.000000 1.000000
0.002800 0.245000 0.000000 1.000000
0.003700 0.197800 0.000000 1.000000
0.003300 0.209900 0.000000 1.000000
0.000300 0.200400 0.000000 1.000000
0.002900 0.404800 0.000000 1.000000
0.002100 0.298200 0.000000 1.000000
0.002700 0.215900 0.000000 1.000000
0.000600 0.176000 0.000000 1.000000
0.001700 0.215700 0.000000 1.000000
0.002000 0.172000 0.000000 1.000000
0.000400 0.239500 0.000000 1.000000
0.002800 0.196800 0.000000 1.000000
0.001900 0.219300 0.000000 1.000000
0.003700 0.259100 0.000000 1.000000
0.006500 0.184000 0.000000 1.000000
0.002300 0.188200 0.000000 1.000000
0.002600 0.202800 0.000000 1.000000
0.003600 0.261400 0.000000 1.000000
0.002800 0.198500 0.000000 1.000000
0.000200 0.228000 0.000000 1.000000
0.002000 0.209300 0.000000 1.000000
0.002900 0.279600 0.000000 1.000000
0.002900 0.242300 0.000000 1.000000
0.000400 0.237300 0.000000 1.000000
0.002200 0.223800 0.000000 1.000000
0.002300 0.256800 0.000000 1.000000
0.000500 0.285800 0.000000 1.000000
0.002300 0.219900 0.000000 1.000000
0.002100 0.328400 0.000000 1.000000
0.004000 0.277100 0.000000 1.000000
0.004400 0.229900 0.000000 1.000000
0.002800 0.199600 0.000000 1.000000
0.002200 0.192700 0.000000 1.000000
0.006200 0.244200 0.000000 1.000000
0.002300 0.220900 0.000000 1.000000
0.000400 0.158800 0.000000 1.000000
0.001900 0.210100 0.000000 1.000000
0.002200 0.195400 0.000000 1.000000
0.001900 0.221000 0.000000 1.000000
0.001500 0.187700 0.000000 1.000000
0.001900 0.217900 0.000000 1.000000
0.003300 0.229600 0.000000 1.000000
0.002800 0.177000 0.000000 1.000000
0.002900 0.226300 0.000000 1.000000
0.001600 0.235400 0.000000 1.000000
0.002500 0.268200 0.000000 1.000000
0.002800 0.218300 0.000000 1.000000
0.003200 0.221800 0.000000 1.000000
0.001300 0.256500 0.000000 1.000000
0.003900 0.269100 0.000000 1.000000
0.002600 0.231600 0.000000 1.000000
0.001700 0.181300 0.000000 1.000000
0.002200 0.225300 0.000000 1.000000
0.005000 0.264400 0.000000 1.000000
0.002700 0.193200 0.000000 1.000000
0.000700 0.196600 0.000000 1.000000
0.001800 0.170800 0.000000 1.000000
0.001900 0.156200 0.000000 1.000000
0.005400 0.148400 0.000000 1.000000
0.004000 0.133800 0.000000 1.000000
0.002300 0.210000 0.000000 1.000000
0.002300 0.171400 0.000000 1.000000
0.003000 0.145000 0.000000 1.000000
0.004400 0.175100 0.000000 1.000000
0.002700 0.240600 0.000000 1.000000
0.004300 0.272300 0.000000 1.000000
0.004300 0.181000 0.000000 1.000000
0.001300 0.161000 0.000000 1.000000
0.001900 0.184700 0.000000 1.000000
0.002300 0.206900 0.000000 1.000000
0.000600 0.180700 0.000000 1.000000
0.001500 0.226200 0.000000 1.000000
0.001800 0.238500 0.000000 1.000000
0.000900 0.354100 0.000000 1.000000
0.002300 0.280300 0.000000 1.000000
0.004900 0.242300 0.000000 1.000000
0.002000 0.259900 0.000000 1.000000
0.003100 0.334000 0.000000 1.000000
0.003700 0.282400 0.000000 1.000000
0.006200 0.244300 0.000000 1.000000
0.003500 0.274400 0.000000 1.000000
0.004400 0.294800 0.000000 1.000000
0.006500 0.322400 0.000000 1.000000
0.000800 0.236600 0.000000 1.000000
0.002000 0.262500 0.000000 1.000000
0.001700 0.350600 0.000000 1.000000
0.002000 0.321800 0.000000 1.000000
0.001400 0.140000 0.000000 1.000000
0.001200 0.189800 0.000000 1.000000
0.004400 0.184700 0.000000 1.000000
0.000700 0.170200 0.000000 1.000000
0.004600 0.170700 0.000000 1.000000
0.001100 0.199100 0.000000 1.000000
0.002400 0.168500 0.000000 1.000000
0.006000 0.173500 0.000000 1.000000
0.004400 0.148300 0.000000 1.000000
0.002000 0.189100 0.000000 1.000000
0.004100 0.158000 0.000000 1.000000
0.007900 0.140800 0.000000 1.000000
0.000500 0.146100 0.000000 1.000000
0.001400 0.166400 0.000000 1.000000
0.003400 0.239800 0.000000 1.000000
0.002700 0.215700 0.000000 1.000000
0.000700 0.283500 0.000000 1.000000
0.002400 0.378600 0.000000 1.000000
0.002800 0.561000 0.000000 1.000000
0.000800 0.364100 0.000000 1.000000
0.002900 0.305500 0.000000 1.000000
0.002800 0.405900 0.000000 1.000000
0.004300 0.453700 0.000000 1.000000
0.004600 0.350000 0.000000 1.000000
0.002400 0.302900 0.000000 1.000000
0.002800 0.485900 0.000000 1.000000
0.002900 0.430500 0.000000 1.000000
0.003600 0.419500 0.000000 1.000000
0.000900 0.301300 0.000000 1.000000
0.002700 0.323300 0.000000 1.000000
0.004200 0.406800 0.000000 1.000000
0.000800 0.371400 0.000000 1.000000
0.000200 0.259700 0.000000 1.000000
0.002100 0.287900 0.000000 1.000000
0.003000 0.283100 0.000000 1.000000
0.000700 0.286400 0.000000 1.000000
0.002600 0.218200 0.000000 1.000000
0.002200 0.288200 0.000000 1.000000
0.006900 0.289500 0.000000 1.000000
0.004100 0.334500 0.000000 1.000000
0.001900 0.269800 0.000000 1.000000
0.002300 0.369600 0.000000 1.000000
0.005500 0.351000 0.000000 1.000000
0.003500 0.418200 0.000000 1.000000
0.000600 0.354400 0.000000 1.000000
0.002800 0.329500 0.000000 1.000000
0.003800 0.263700 0.000000 1.000000
0.000500 0.272900 0.000000 1.000000
0.000200 0.219600 0.000000 1.000000
0.001900 0.282500 0.000000 1.000000
0.002000 0.276600 0.000000 1.000000
0.001000 0.306700 0.000000 1.000000
0.002900 0.237400 0.000000 1.000000
0.002200 0.431100 0.000000 1.000000
0.005700 0.305600 0.000000 1.000000
0.004100 0.309800 0.000000 1.000000
0.002500 0.264700 0.000000 1.000000
0.004100 0.370900 0.000000 1.000000
0.002700 0.300800 0.000000 1.000000
0.002900 0.354000 0.000000 1.000000
0.000900 0.249300 0.000000 1.000000
0.002500 0.318700 0.000000 1.000000
0.003500 0.269000 0.000000 1.000000
0.000600 0.272100 0.000000 1.000000
0.000400 0.238500 0.000000 1.000000
0.002300 0.268500 0.000000 1.000000
0.002000 0.335400 0.000000 1.000000
0.000900 0.374600 0.000000 1.000000
0.003500 0.268400 0.000000 1.000000
0.002600 0.358700 0.000000 1.000000
0.005500 0.337800 0.000000 1.000000
0.004100 0.340000 0.000000 1.000000
0.003100 0.300800 0.000000 1.000000
0.003900 0.366600 0.000000 1.000000
0.003000 0.316100 0.000000 1.000000
0.003700 0.323000 0.000000 1.000000
0.000600 0.268400 0.000000 1.000000
0.003200 0.432500 0.000000 1.000000
0.002800 0.374900 0.000000 1.000000
0.000400 0.334000 0.000000 1.000000
0.000600 0.357900 0.000000 1.000000
0.002800 0.430100 0.000000 1.000000
0.002900 0.444800 0.000000 1.000000
0.000900 0.663800 0.000000 1.000000
0.005000 0.355100 0.000000 1.000000
0.003900 0.575300 0.000000 1.000000
0.006200 0.474200 0.000000 1.000000
0.005900 0.641200 0.000000 1.000000
0.005700 0.431700 0.000000 1.000000
0.004400 0.640000 0.000000 1.000000
0.003100 0.400800 0.000000 1.000000
0.004400 0.495900 0.000000 1.000000
0.000300 0.329200 0.000000 1.000000
0.003700 0.705400 0.000000 1.000000
0.003500 0.407100 0.000000 1.000000
0.000700 0.461800 0.000000 1.000000
0.000600 0.214000 0.000000 1.000000
0.002000 0.281100 0.000000 1.000000
0.002800 0.348100 0.000000 1.000000
0.000500 0.327500 0.000000 1.000000
0.003500 0.262100 0.000000 1.000000
0.003000 0.363400 0.000000 1.000000
0.004500 0.319000 0.000000 1.000000
0.004100 0.392200 0.000000 1.000000
0.003300 0.324700 0.000000 1.000000
0.004300 0.379700 0.000000 1.000000
0.002800 0.288100 0.000000 1.000000
0.003300 0.293200 0.000000 1.000000
0.000200 0.251200 0.000000 1.000000
0.003000 0.408200 0.000000 1.000000
0.003100 0.409400 0.000000 1.000000
0.000800 0.405200 0.000000 1.000000
0.000800 0.251500 0.000000 1.000000
0.001400 0.250100 0.000000 1.000000
0.001700 0.250000 0.000000 1.000000
0.000300 0.330800 0.000000 1.000000
0.002300 0.223500 0.000000 1.000000
0.002600 0.346500 0.000000 1.000000
0.002100 0.263100 0.000000 1.000000
0.003000 0.294100 0.000000 1.000000
0.002500 0.405800 0.000000 1.000000
0.003600 0.299300 0.000000 1.000000
0.002600 0.328900 0.000000 1.000000
0.003000 0.279900 0.000000 1.000000
0.000200 0.240300 0.000000 1.000000
0.002400 0.260700 0.000000 1.000000
0.003400 0.267900 0.000000 1.000000
0.000900 0.346500 0.000000 1.000000
0.000400 0.266700 0.000000 1.000000
0.002100 0.343800 0.000000 1.000000
0.002000 0.295600 0.000000 1.000000
0.000200 0.296800 0.000000 1.000000
0.002200 0.234800 0.000000 1.000000
0.002500 0.364800 0.000000 1.000000
0.003100 0.289700 0.000000 1.000000
0.002800 0.302400 0.000000 1.000000
0.002400 0.356100 0.000000 1.000000
0.002800 0.327100 0.000000 1.000000
0.003800 0.393900 0.000000 1.000000
0.002900 0.314600 0.000000 1.000000
0.000300 0.335400 0.000000 1.000000
0.002500 0.324200 0.000000 1.000000
0.003200 0.343200 0.000000 1.000000
0.000600 0.268700 0.000000 1.000000
0.000800 0.257200 0.000000 1.000000
0.001000 0.317800 0.000000 1.000000
0.002500 0.528100 0.000000 1.000000
0.000900 0.276400 0.000000 1.000000
0.002300 0.278800 0.000000 1.000000
0.002000 0.545500 0.000000 1.000000
0.002800 0.541600 0.000000 1.000000
0.003300 0.267100 0.000000 1.000000
0.003100 0.256900 0.000000 1.000000
0.002300 0.329600 0.000000 1.000000
0.003500 0.437100 0.000000 1.000000
0.002400 0.432600 0.000000 1.000000
0.001000 0.257100 0.000000 1.000000
0.001900 0.289800 0.000000 1.000000
0.002300 0.465300 0.000000 1.000000
0.000900 0.327300 0.000000 1.000000
0.000300 0.184000 0.000000 1.000000
0.001600 0.282300 0.000000 1.000000
0.001900 0.283900 0.000000 1.000000
0.000800 0.231800 0.000000 1.000000
0.001300 0.194100 0.000000 1.000000
0.002100 0.305100 0.000000 1.000000
0.005800 0.322100 0.000000 1.000000
0.004000 0.325100 0.000000 1.000000
0.002800 0.257800 0.000000 1.000000
0.002000 0.243900 0.000000 1.000000
0.005300 0.281000 0.000000 1.000000
0.003200 0.315600 0.000000 1.000000
0.000700 0.373000 0.000000 1.000000
0.001100 0.285300 0.000000 1.000000
0.002400 0.280900 0.000000 1.000000
0.000600 0.223200 0.000000 1.000000
0.000200 0.203800 0.000000 1.000000
0.001700 0.238300 0.000000 1.000000
0.001500 0.186400 0.000000 1.000000
0.001100 0.230800 0.000000 1.000000
0.002200 0.176400 0.000000 1.000000
0.002000 0.250600 0.000000 1.000000
0.004900 0.242800 0.000000 1.000000
0.005000 0.349100 0.000000 1.000000
0.002300 0.261600 0.000000 1.000000
0.001600 0.228400 0.000000 1.000000
0.004000 0.294900 0.000000 1.000000
0.002700 0.287000 0.000000 1.000000
0.001100 0.195900 0.000000 1.000000
0.002100 0.264500 0.000000 1.000000
0.003000 0.298500 0.000000 1.000000
0.000600 0.246300 0.000000 1.000000
0.000500 0.208800 0.000000 1.000000
0.001400 0.247700 0.000000 1.000000
0.002900 0.255500 0.000000 1.000000
0.001100 0.274800 0.000000 1.000000
0.002400 0.259400 0.000000 1.000000
0.002400 0.319800 0.000000 1.000000
0.006200 0.308800 0.000000 1.000000
0.006600 0.255100 0.000000 1.000000
0.003700 0.257500 0.000000 1.000000
0.002700 0.287500 0.000000 1.000000
0.004700 0.361800 0.000000 1.000000
0.003700 0.298300 0.000000 1.000000
0.000700 0.212900 0.000000 1.000000
0.001700 0.404100 0.000000 1.000000
0.003600 0.363300 0.000000 1.000000
0.000400 0.286100 0.000000 1.000000
0.000900 0.396600 0.000000 1.000000
0.002100 0.319200 0.000000 1.000000
0.002000 0.388100 0.000000 1.000000
0.001100 0.391800 0.000000 1.000000
0.003500 0.403600 0.000000 1.000000
0.003800 0.449300 0.000000 1.000000
0.005900 0.412600 0.000000 1.000000
0.004700 0.415400 0.000000 1.000000
0.004700 0.425300 0.000000 1.000000
0.004200 0.673200 0.000000 1.000000
0.004600 0.426900 0.000000 1.000000
0.004300 0.435400 0.000000 1.000000
0.000400 0.408600 0.000000 1.000000
0.003300 0.547300 0.000000 1.000000
0.002400 0.540600 0.000000 1.000000
0.000800 0.461300 0.000000 1.000000
0.000700 0.196600 0.000000 1.000000
0.000700 0.241200 0.000000 1.000000
0.001900 0.363800 0.000000 1.000000
0.000600 0.281900 0.000000 1.000000
0.002900 0.244700 0.000000 1.000000
0.002800 0.312100 0.000000 1.000000
0.003800 0.403900 0.000000 1.000000
0.004700 0.281700 0.000000 1.000000
0.002800 0.218700 0.000000 1.000000
0.002000 0.345000 0.000000 1.000000
0.002900 0.285500 0.000000 1.000000
0.002700 0.362800 0.000000 1.000000
0.000200 0.203900 0.000000 1.000000
0.002200 0.316100 0.000000 1.000000
0.002700 0.281900 0.000000 1.000000
0.000900 0.289300 0.000000 1.000000
0.001000 0.295800 0.000000 1.000000
0.001500 0.278600 0.000000 1.000000
0.002000 0.261000 0.000000 1.000000
0.000300 0.207600 0.000000 1.000000
0.002700 0.158000 0.000000 1.000000
0.002400 0.395200 0.000000 1.000000
0.004000 0.315100 0.000000 1.000000
0.003400 0.256600 0.000000 1.000000
0.002500 0.195000 0.000000 1.000000
0.001500 0.314600 0.000000 1.000000
0.003400 0.309500 0.000000 1.000000
0.002500 0.237500 0.000000 1.000000
0.000300 0.237500 0.000000 1.000000
0.001400 0.274800 0.000000 1.000000
0.002100 0.203800 0.000000 1.000000
0.001100 0.210200 0.000000 1.000000
0.000600 0.276400 0.000000 1.000000
0.001500 0.254500 0.000000 1.000000
0.002000 0.320500 0.000000 1.000000
0.000300 0.210400 0.000000 1.000000
0.002500 0.194500 0.000000 1.000000
0.001300 0.275500 0.000000 1.000000
0.001800 0.315900 0.000000 1.000000
0.004200 0.239600 0.000000 1.000000
0.002600 0.208300 0.000000 1.000000
0.002600 0.246300 0.000000 1.000000
0.003800 0.255000 0.000000 1.000000
0.002200 0.252900 0.000000 1.000000
0.000400 0.261000 0.000000 1.000000
0.002200 0.262400 0.000000 1.000000
0.003500 0.300400 0.000000 1.000000
0.000700 0.268500 0.000000 1.000000
0.001100 0.186800 0.000000 1.000000
0.001800 0.222400 0.000000 1.000000
0.001700 0.260900 0.000000 1.000000
0.001200 0.228600 0.000000 1.000000
0.003300 0.216200 0.000000 1.000000
0.001200 0.285300 0.000000 1.000000
0.001200 0.278900 0.000000 1.000000
0.002400 0.262300 0.000000 1.000000
0.002600 0.209200 0.000000 1.000000
0.000400 0.317500 0.000000 1.000000
0.002700 0.309100 0.000000 1.000000
0.001800 0.275600 0.000000 1.000000
0.001200 0.245500 0.000000 1.000000
0.001500 0.239100 0.000000 1.000000
0.002500 0.255300 0.000000 1.000000
0.001200 0.224500 0.000000 1.000000
0.000600 0.192500 0.000000 1.000000
0.002500 0.227500 0.000000 1.000000
0.003000 0.184800 0.000000 1.000000
0.002000 0.182900 0.000000 1.000000
0.003500 0.162100 0.000000 1.000000
0.002100 0.270900 0.000000 1.000000
0.002200 0.287900 0.000000 1.000000
0.003400 0.228500 0.000000 1.000000
0.004600 0.212200 0.000000 1.000000
0.002400 0.233000 0.000000 1.000000
0.003700 0.245400 0.000000 1.000000
0.006300 0.183700 0.000000 1.000000
0.001600 0.202000 0.000000 1.000000
0.001600 0.206000 0.000000 1.000000
0.003500 0.185400 0.000000 1.000000
0.000400 0.219000 0.000000 1.000000
0.001500 0.238900 0.000000 1.000000
0.002400 0.287300 0.000000 1.000000
0.001900 0.366000 0.000000 1.000000
0.001500 0.288300 0.000000 1.000000
0.004100 0.245000 0.000000 1.000000
0.002100 0.353000 0.000000 1.000000
0.002100 0.339700 0.000000 1.000000
0.004300 0.310300 0.000000 1.000000
0.003500 0.255800 0.000000 1.000000
0.002200 0.255700 0.000000 1.000000
0.003800 0.347100 0.000000 1.000000
0.005200 0.343800 0.000000 1.000000
0.000700 0.236200 0.000000 1.000000
0.001600 0.288200 0.000000 1.000000
0.002200 0.356900 0.000000 1.000000
0.000600 0.339600 0.000000 1.000000
0.001800 0.150300 0.000000 1.000000
0.001900 0.189800 0.000000 1.000000
0.002700 0.211900 0.000000 1.000000
0.000700 0.208000 0.000000 1.000000
0.003400 0.183200 0.000000 1.000000
0.001700 0.215400 0.000000 1.000000
0.004300 0.214100 0.000000 1.000000
0.002200 0.183900 0.000000 1.000000
0.004600 0.172800 0.000000 1.000000
0.001000 0.255000 0.000000 1.000000
0.002300 0.198100 0.000000 1.000000
0.008000 0.190900 0.000000 1.000000
0.000400 0.192300 0.000000 1.000000
0.000800 0.209800 0.000000 1.000000
0.002600 0.220100 0.000000 1.000000
0.001800 0.286900 0.000000 1.000000
